Profile 1             
0  -2.0169506e-009            
1.9961454e-008  -2.6249603e-009            
3.9922908e-008  -2.9316579e-009            
5.9884362e-008  -9.8003344e-010            
7.9845816e-008  5.6122121e-010            
9.980727e-008  3.6904334e-010            
1.1976872e-007  -4.0224188e-010            
1.3973018e-007  -2.6881716e-009            
1.5969163e-007  -5.7342581e-009            
1.7965309e-007  -6.6101504e-009            
1.9961454e-007  -4.8955266e-009            
2.19576e-007  -2.4888969e-009            
2.3953745e-007  -1.0487072e-009            
2.594989e-007  -2.1751366e-009            
2.7946036e-007  -3.2047799e-009            
2.9942181e-007  -4.7485692e-009            
3.1938327e-007  -6.7444832e-009            
3.3934472e-007  -8.1364865e-009            
3.5930617e-007  -7.8037394e-009            
3.7926763e-007  -5.5350738e-009            
3.9922908e-007  -5.5399797e-009            
4.1919054e-007  -7.6821293e-009            
4.3915199e-007  -6.9899467e-009            
4.5911344e-007  -1.9701303e-009            
4.790749e-007  1.1915743e-009            
4.9903635e-007  -4.5178051e-009            
5.1899781e-007  -1.5183132e-008            
5.3895926e-007  -2.7655443e-008            
5.5892071e-007  -4.0389756e-008            
5.7888217e-007  -5.2576237e-008            
5.9884362e-007  -6.4373945e-008            
6.1880508e-007  -7.7454943e-008            
6.3876653e-007  -8.9451321e-008            
6.5872799e-007  -9.4606205e-008            
6.7868944e-007  -9.4170525e-008            
6.9865089e-007  -9.3794053e-008            
7.1861235e-007  -9.3281814e-008            
7.385738e-007  -9.2391882e-008            
7.5853526e-007  -9.0047668e-008            
7.7849671e-007  -8.1943874e-008            
7.9845816e-007  -5.6635474e-008            
8.1841962e-007  -1.642995e-008            
8.3838107e-007  6.1907258e-009            
8.5834253e-007  5.4176577e-009            
8.7830398e-007  -2.1862722e-009            
8.9826543e-007  -1.162675e-008            
9.1822689e-007  -2.2588026e-008            
9.3818834e-007  -3.5228816e-008            
9.581498e-007  -4.7952695e-008            
9.7811125e-007  -6.0656771e-008            
9.980727e-007  -7.3923299e-008            
1.0180342e-006  -8.5773733e-008            
1.0379956e-006  -9.2492747e-008            
1.0579571e-006  -9.275807e-008            
1.0779185e-006  -9.0600337e-008            
1.09788e-006  -8.3555045e-008            
1.1178414e-006  -6.1012298e-008            
1.1378029e-006  -2.1327796e-008            
1.1577643e-006  7.6325092e-010            
1.1777258e-006  -1.79536e-009            
1.1976872e-006  -9.3951558e-009            
1.2176487e-006  -1.5618883e-008            
1.2376102e-006  -2.4344838e-008            
1.2575716e-006  -3.5795485e-008            
1.2775331e-006  -4.7877209e-008            
1.2974945e-006  -5.8674467e-008            
1.317456e-006  -6.934483e-008            
1.3374174e-006  -8.0621732e-008            
1.3573789e-006  -9.0616017e-008            
1.3773403e-006  -9.2656144e-008            
1.3973018e-006  -8.9814411e-008            
1.4172632e-006  -7.9646431e-008            
1.4372247e-006  -5.0529734e-008            
1.4571861e-006  -8.3709987e-009            
1.4771476e-006  6.2634732e-009            
1.4971091e-006  2.1089071e-009            
1.5170705e-006  -7.4313213e-009            
1.537032e-006  -1.8800342e-008            
1.5569934e-006  -2.9569704e-008            
1.5769549e-006  -4.1006684e-008            
1.5969163e-006  -5.3991866e-008            
1.6168778e-006  -6.6119376e-008            
1.6368392e-006  -7.7517101e-008            
1.6568007e-006  -8.7811292e-008            
1.6767621e-006  -9.3646541e-008            
1.6967236e-006  -9.3076561e-008            
1.7166851e-006  -9.0159973e-008            
1.7366465e-006  -8.0064966e-008            
1.756608e-006  -5.045375e-008            
1.7765694e-006  -6.219523e-009            
1.7965309e-006  8.134083e-009            
1.8164923e-006  3.0920409e-009            
1.8364538e-006  -6.3246815e-009            
1.8564152e-006  -1.7408057e-008            
1.8763767e-006  -2.7921941e-008            
1.8963381e-006  -4.0085889e-008            
1.9162996e-006  -5.2410434e-008            
1.936261e-006  -6.3612413e-008            
1.9562225e-006  -7.4658241e-008            
1.976184e-006  -8.5140334e-008            
1.9961454e-006  -9.2671372e-008            
2.0161069e-006  -9.3776401e-008            
2.0360683e-006  -9.1958036e-008            
2.0560298e-006  -8.5748591e-008            
2.0759912e-006  -6.2942643e-008            
2.0959527e-006  -2.0070871e-008            
2.1159141e-006  5.2713834e-009            
2.1358756e-006  2.8167399e-009            
2.155837e-006  -5.3821518e-009            
2.1757985e-006  -1.3843526e-008            
2.19576e-006  -2.2992444e-008            
2.2157214e-006  -3.4650567e-008            
2.2356829e-006  -4.7514423e-008            
2.2556443e-006  -5.9904885e-008            
2.2756058e-006  -7.1163989e-008            
2.2955672e-006  -8.1954159e-008            
2.3155287e-006  -9.1226627e-008            
2.3354901e-006  -9.3179038e-008            
2.3554516e-006  -8.9769409e-008            
2.375413e-006  -7.6397519e-008            
2.3953745e-006  -4.527665e-008            
2.4153359e-006  -7.4884382e-009            
2.4352974e-006  4.810013e-009            
2.4552589e-006  3.3035552e-010            
2.4752203e-006  -8.3173023e-009            
2.4951818e-006  -1.610259e-008            
2.5151432e-006  -2.3379905e-008            
2.5351047e-006  -3.4834087e-008            
2.5550661e-006  -4.9377242e-008            
2.5750276e-006  -6.2815117e-008            
2.594989e-006  -7.3689677e-008            
2.6149505e-006  -8.4204301e-008            
2.6349119e-006  -9.2495458e-008            
2.6548734e-006  -9.4300907e-008            
2.6748348e-006  -9.2449029e-008            
2.6947963e-006  -8.6707946e-008            
2.7147578e-006  -6.8565669e-008            
2.7347192e-006  -3.0155174e-008            
2.7546807e-006  -9.2573441e-011            
2.7746421e-006  5.9350923e-009            
2.7946036e-006  -1.3114608e-009            
2.814565e-006  -1.0404879e-008            
2.8345265e-006  -1.9585782e-008            
2.8544879e-006  -3.1308263e-008            
2.8744494e-006  -4.4432693e-008            
2.8944108e-006  -5.7055254e-008            
2.9143723e-006  -6.912953e-008            
2.9343338e-006  -8.1343153e-008            
2.9542952e-006  -9.1295007e-008            
2.9742567e-006  -9.3924646e-008            
2.9942181e-006  -9.1725255e-008            
3.0141796e-006  -8.3819758e-008            
3.034141e-006  -5.5880627e-008            
3.0541025e-006  -1.2937469e-008            
3.0740639e-006  4.8955903e-009            
3.0940254e-006  2.6750975e-009            
3.1139868e-006  -5.69509e-009            
3.1339483e-006  -1.5180381e-008            
3.1539097e-006  -2.5892099e-008            
3.1738712e-006  -3.8173974e-008            
3.1938327e-006  -5.0562873e-008            
3.2137941e-006  -6.1988242e-008            
3.2337556e-006  -7.3591207e-008            
3.253717e-006  -8.5216732e-008            
3.2736785e-006  -9.303163e-008            
3.2936399e-006  -9.3999487e-008            
3.3136014e-006  -9.1637838e-008            
3.3335628e-006  -8.3527528e-008            
3.3535243e-006  -5.7631901e-008            
3.3734857e-006  -1.4891623e-008            
3.3934472e-006  6.9274841e-009            
3.4134087e-006  4.7344227e-009            
3.4333701e-006  -3.6553917e-009            
3.4533316e-006  -1.43601e-008            
3.473293e-006  -2.5413422e-008            
3.4932545e-006  -3.778986e-008            
3.5132159e-006  -5.1082509e-008            
3.5331774e-006  -6.3602854e-008            
3.5531388e-006  -7.5173099e-008            
3.5731003e-006  -8.6224152e-008            
3.5930617e-006  -9.3180208e-008            
3.6130232e-006  -9.4199519e-008            
3.6329846e-006  -9.2615442e-008            
3.6529461e-006  -8.7273605e-008            
3.6729076e-006  -6.9647635e-008            
3.692869e-006  -3.3296926e-008            
3.7128305e-006  -1.4459001e-009            
3.7327919e-006  5.3032409e-009            
3.7527534e-006  -1.6378426e-009            
3.7727148e-006  -1.2307518e-008            
3.7926763e-006  -2.304778e-008            
3.8126377e-006  -3.417182e-008            
3.8325992e-006  -4.6366718e-008            
3.8525606e-006  -5.8999757e-008            
3.8725221e-006  -7.182082e-008            
3.8924835e-006  -8.3500488e-008            
3.912445e-006  -9.1660765e-008            
3.9324065e-006  -9.3990721e-008            
3.9523679e-006  -9.2287407e-008            
3.9723294e-006  -8.6164978e-008            
3.9922908e-006  -6.4340302e-008            
4.0122523e-006  -2.4072425e-008            
4.0322137e-006  1.1380217e-009            
4.0521752e-006  5.2070022e-009            
4.0721366e-006  -1.3409725e-009            
4.0920981e-006  -1.1180753e-008            
4.1120595e-006  -2.136784e-008            
4.132021e-006  -3.2618874e-008            
4.1519825e-006  -4.5130443e-008            
4.1719439e-006  -5.774028e-008            
4.1919054e-006  -6.9536578e-008            
4.2118668e-006  -8.0810588e-008            
4.2318283e-006  -9.0106659e-008            
4.2517897e-006  -9.3258139e-008            
4.2717512e-006  -9.0572269e-008            
4.2917126e-006  -7.9595564e-008            
4.3116741e-006  -5.4236971e-008            
4.3316355e-006  -2.2308695e-008            
4.351597e-006  2.6939879e-009            
4.3715584e-006  6.4197325e-009            
4.3915199e-006  -8.9914778e-010            
4.4114814e-006  -1.0229363e-008            
4.4314428e-006  -2.0175687e-008            
4.4514043e-006  -3.2049964e-008            
4.4713657e-006  -4.4968741e-008            
4.4913272e-006  -5.7521363e-008            
4.5112886e-006  -6.9374981e-008            
4.5312501e-006  -8.1075587e-008            
4.5512115e-006  -9.046886e-008            
4.571173e-006  -9.2935826e-008            
4.5911344e-006  -8.8756192e-008            
4.6110959e-006  -7.4758806e-008            
4.6310574e-006  -4.3717108e-008            
4.6510188e-006  -6.7539513e-009            
4.6709803e-006  6.1488462e-009            
4.6909417e-006  2.9360016e-010            
4.7109032e-006  -8.0375022e-009            
4.7308646e-006  -1.7106939e-008            
4.7508261e-006  -2.7760927e-008            
4.7707875e-006  -3.9844003e-008            
4.790749e-006  -5.2184361e-008            
4.8107104e-006  -6.3998439e-008            
4.8306719e-006  -7.5870595e-008            
4.8506333e-006  -8.6906455e-008            
4.8705948e-006  -9.353371e-008            
4.8905563e-006  -9.3674396e-008            
4.9105177e-006  -9.0617359e-008            
4.9304792e-006  -7.9895806e-008            
4.9504406e-006  -5.2511346e-008            
4.9704021e-006  -1.3697697e-008            
4.9903635e-006  8.3184079e-009            
5.010325e-006  4.1402787e-009            
5.0302864e-006  -4.5242215e-009            
5.0502479e-006  -1.3922716e-008            
5.0702093e-006  -2.3329732e-008            
5.0901708e-006  -3.4637312e-008            
5.1101322e-006  -4.8070299e-008            
5.1300937e-006  -6.1338005e-008            
5.1500552e-006  -7.3629783e-008            
5.1700166e-006  -8.4895408e-008            
5.1899781e-006  -9.2552028e-008            
5.2099395e-006  -9.3969896e-008            
5.229901e-006  -9.0461669e-008            
5.2498624e-006  -7.8470435e-008            
5.2698239e-006  -4.7941499e-008            
5.2897853e-006  -9.377569e-009            
5.3097468e-006  4.8011094e-009            
5.3297082e-006  3.527335e-010            
5.3496697e-006  -7.5918132e-009            
5.3696312e-006  -1.584682e-008            
5.3895926e-006  -2.4796448e-008            
5.4095541e-006  -3.5801568e-008            
5.4295155e-006  -4.7741326e-008            
5.449477e-006  -5.9608236e-008            
5.4694384e-006  -7.1024605e-008            
5.4893999e-006  -8.1917886e-008            
5.5093613e-006  -9.112142e-008            
5.5293228e-006  -9.4356228e-008            
5.5492842e-006  -9.1968137e-008            
5.5692457e-006  -8.355651e-008            
5.5892071e-006  -5.804266e-008            
5.6091686e-006  -2.057813e-008            
5.6291301e-006  4.22822e-009            
5.6490915e-006  5.9426742e-009            
5.669053e-006  -2.3611472e-009            
5.6890144e-006  -1.3270581e-008            
5.7089759e-006  -2.4449495e-008            
5.7289373e-006  -3.592162e-008            
5.7488988e-006  -4.8790666e-008            
5.7688602e-006  -6.2532789e-008            
5.7888217e-006  -7.5086018e-008            
5.8087831e-006  -8.566189e-008            
5.8287446e-006  -9.3248501e-008            
5.8487061e-006  -9.4828522e-008            
5.8686675e-006  -9.3098272e-008            
5.888629e-006  -8.828375e-008            
5.9085904e-006  -7.2221866e-008            
5.9285519e-006  -3.746126e-008            
5.9485133e-006  -1.9038438e-009            
5.9684748e-006  4.1514911e-009            
5.9884362e-006  -8.2977025e-010            
6.0083977e-006  -8.8896505e-009            
6.0283591e-006  -1.7916021e-008            
6.0483206e-006  -2.8272232e-008            
6.068282e-006  -4.0470934e-008            
6.0882435e-006  -5.2134878e-008            
6.108205e-006  -6.3075775e-008            
6.1281664e-006  -7.4824439e-008            
6.1481279e-006  -8.6429532e-008            
6.1680893e-006  -9.3836272e-008            
6.1880508e-006  -9.3752794e-008            
6.2080122e-006  -8.9728005e-008            
6.2279737e-006  -7.5749662e-008            
6.2479351e-006  -4.0728519e-008            
6.2678966e-006  -4.6294042e-009            
6.287858e-006  6.3166089e-009            
6.3078195e-006  9.1457534e-010            
6.3277809e-006  -7.7918437e-009            
6.3477424e-006  -1.7265756e-008            
6.3677039e-006  -2.8576024e-008            
6.3876653e-006  -4.1897924e-008            
6.4076268e-006  -5.4833687e-008            
6.4275882e-006  -6.7870839e-008            
6.4475497e-006  -8.011418e-008            
6.4675111e-006  -9.0325994e-008            
6.4874726e-006  -9.4901149e-008            
6.507434e-006  -9.2939304e-008            
6.5273955e-006  -8.6733755e-008            
6.5473569e-006  -6.4695977e-008            
6.5673184e-006  -2.1297293e-008            
6.5872799e-006  3.2749403e-010            
6.6072413e-006  1.7024475e-011            
6.6272028e-006  -5.9385549e-009            
6.6471642e-006  -1.2902588e-008            
6.6671257e-006  -2.1241623e-008            
6.6870871e-006  -3.1886577e-008            
6.7070486e-006  -4.3650839e-008            
6.72701e-006  -5.5466975e-008            
6.7469715e-006  -6.7379086e-008            
6.7669329e-006  -7.986287e-008            
6.7868944e-006  -9.1452384e-008            
6.8068558e-006  -9.4716041e-008            
6.8268173e-006  -9.2743595e-008            
6.8467788e-006  -8.5656942e-008            
6.8667402e-006  -6.1582754e-008            
6.8867017e-006  -1.8162194e-008            
6.9066631e-006  5.3520071e-009            
6.9266246e-006  3.1316812e-009            
6.946586e-006  -3.9913364e-009            
6.9665475e-006  -1.4042718e-008            
6.9865089e-006  -2.3658203e-008            
7.0064704e-006  -3.4501146e-008            
7.0264318e-006  -4.7170369e-008            
7.0463933e-006  -5.9830461e-008            
7.0663548e-006  -7.1308202e-008            
7.0863162e-006  -8.2378556e-008            
7.1062777e-006  -9.1592645e-008            
7.1262391e-006  -9.4289698e-008            
7.1462006e-006  -9.2560289e-008            
7.166162e-006  -8.5611952e-008            
7.1861235e-006  -6.2931702e-008            
7.2060849e-006  -2.6910407e-008            
7.2260464e-006  2.371007e-009            
7.2460078e-006  4.6496957e-009            
7.2659693e-006  -2.6084671e-009            
7.2859307e-006  -1.1442428e-008            
7.3058922e-006  -1.9600484e-008            
7.3258537e-006  -3.0531282e-008            
7.3458151e-006  -4.3725043e-008            
7.3657766e-006  -5.5966441e-008            
7.385738e-006  -6.7112924e-008            
7.4056995e-006  -7.8514944e-008            
7.4256609e-006  -8.9061755e-008            
7.4456224e-006  -9.4128124e-008            
7.4655838e-006  -9.2518606e-008            
7.4855453e-006  -8.5919286e-008            
7.5055067e-006  -6.4282835e-008            
7.5254682e-006  -2.0540017e-008            
7.5454296e-006  2.3670284e-009            
7.5653911e-006  3.1325365e-009            
7.5853526e-006  -2.9977164e-009            
7.605314e-006  -9.9191141e-009            
7.6252755e-006  -1.8085239e-008            
7.6452369e-006  -2.9394097e-008            
7.6651984e-006  -4.2420591e-008            
7.6851598e-006  -5.4949295e-008            
7.7051213e-006  -6.6303824e-008            
7.7250827e-006  -7.8030598e-008            
7.7450442e-006  -8.9552799e-008            
7.7650056e-006  -9.4450439e-008            
7.7849671e-006  -9.364235e-008            
7.8049286e-006  -8.9591643e-008            
7.82489e-006  -7.5460382e-008            
7.8448515e-006  -4.4032999e-008            
7.8648129e-006  -3.5304353e-009            
7.8847744e-006  5.1895623e-009            
7.9047358e-006  -2.3530175e-010            
7.9246973e-006  -6.9099177e-009            
7.9446587e-006  -1.4354624e-008            
7.9646202e-006  -2.5039053e-008            
7.9845816e-006  -3.7842163e-008            
8.0045431e-006  -5.090562e-008            
8.0245045e-006  -6.236452e-008            
8.044466e-006  -7.4164692e-008            
8.0644275e-006  -8.6249605e-008            
8.0843889e-006  -9.288e-008            
8.1043504e-006  -9.256366e-008            
8.1243118e-006  -8.8574146e-008            
8.1442733e-006  -7.3740712e-008            
8.1642347e-006  -3.5311999e-008            
8.1841962e-006  6.6495945e-010            
8.2041576e-006  8.2803453e-009            
8.2241191e-006  2.2370617e-009            
8.2440805e-006  -7.8192926e-009            
8.264042e-006  -1.8816832e-008            
8.2840035e-006  -2.9877222e-008            
8.3039649e-006  -4.262941e-008            
8.3239264e-006  -5.5969796e-008            
8.3438878e-006  -6.8931905e-008            
8.3638493e-006  -8.0796866e-008            
8.3838107e-006  -9.05001e-008            
8.4037722e-006  -9.3459931e-008            
8.4237336e-006  -9.2211847e-008            
8.4436951e-006  -8.7404883e-008            
8.4636565e-006  -7.0178808e-008            
8.483618e-006  -3.2516425e-008            
8.5035794e-006  -2.4133113e-009            
8.5235409e-006  3.3100286e-009            
8.5435024e-006  -2.6630375e-009            
8.5634638e-006  -9.8179025e-009            
8.5834253e-006  -1.6146495e-008            
8.6033867e-006  -2.5226016e-008            
8.6233482e-006  -3.7598768e-008            
8.6433096e-006  -5.0341408e-008            
8.6632711e-006  -6.2135646e-008            
8.6832325e-006  -7.3375875e-008            
8.703194e-006  -8.4041999e-008            
8.7231554e-006  -9.1194742e-008            
8.7431169e-006  -9.1983741e-008            
8.7630783e-006  -8.7346007e-008            
8.7830398e-006  -7.0403891e-008            
8.8030013e-006  -3.6071596e-008            
8.8229627e-006  -2.3135947e-009            
8.8429242e-006  5.0301712e-009            
8.8628856e-006  9.103472e-010            
8.8828471e-006  -6.4078894e-009            
8.9028085e-006  -1.5141872e-008            
8.92277e-006  -2.5610939e-008            
8.9427314e-006  -3.7686818e-008            
8.9626929e-006  -5.0307928e-008            
8.9826543e-006  -6.3291493e-008            
9.0026158e-006  -7.6507813e-008            
9.0225773e-006  -8.7340835e-008            
9.0425387e-006  -9.1894046e-008            
9.0625002e-006  -9.05152e-008            
9.0824616e-006  -8.3727846e-008            
9.1024231e-006  -6.1561602e-008            
9.1223845e-006  -2.2010599e-008            
9.142346e-006  3.2022356e-009            
9.1623074e-006  3.5482518e-009            
9.1822689e-006  -3.767032e-009            
9.2022303e-006  -1.0602826e-008            
9.2221918e-006  -1.798244e-008            
9.2421532e-006  -2.8123293e-008            
9.2621147e-006  -3.9053988e-008            
9.2820762e-006  -4.9073996e-008            
9.3020376e-006  -5.8968364e-008            
9.3219991e-006  -7.0272101e-008            
9.3419605e-006  -8.2279852e-008            
9.361922e-006  -8.9801413e-008            
9.3818834e-006  -9.0776008e-008            
9.4018449e-006  -8.5536804e-008            
9.4218063e-006  -6.8020659e-008            
9.4417678e-006  -3.1446111e-008            
9.4617292e-006  1.6013158e-009            
9.4816907e-006  1.1183421e-008            
9.5016522e-006  6.2313774e-009            
9.5216136e-006  -1.1643294e-009            
9.5415751e-006  -1.0703597e-008            
9.5615365e-006  -2.2344763e-008            
9.581498e-006  -3.4145894e-008            
9.6014594e-006  -4.6161984e-008            
9.6214209e-006  -5.9446159e-008            
9.6413823e-006  -7.310963e-008            
9.6613438e-006  -8.5264157e-008            
9.6813052e-006  -9.1203271e-008            
9.7012667e-006  -9.0532791e-008            
9.7212281e-006  -8.5631043e-008            
9.7411896e-006  -6.9767717e-008            
9.7611511e-006  -3.8475976e-008            
9.7811125e-006  -6.2591972e-009            
9.801074e-006  5.4480042e-009            
9.8210354e-006  4.5004735e-009            
9.8409969e-006  -3.6214619e-009            
9.8609583e-006  -1.2394391e-008            
9.8809198e-006  -2.2925043e-008            
9.9008812e-006  -3.5198124e-008            
9.9208427e-006  -4.8211641e-008            
9.9408041e-006  -6.0712028e-008            
9.9607656e-006  -7.2713673e-008            
9.980727e-006  -8.3984421e-008            
1.0000689e-005  -9.0549357e-008            
1.002065e-005  -8.9757869e-008            
1.0040611e-005  -8.2572731e-008            
1.0060573e-005  -6.0872163e-008            
1.0080534e-005  -2.3044227e-008            
1.0100496e-005  4.4330488e-009            
1.0120457e-005  9.2436646e-009            
1.0140419e-005  2.1711574e-009            
1.016038e-005  -7.3687124e-009            
1.0180342e-005  -1.8750261e-008            
1.0200303e-005  -3.1030002e-008            
1.0220264e-005  -4.3377396e-008            
1.0240226e-005  -5.6377825e-008            
1.0260187e-005  -6.9849615e-008            
1.0280149e-005  -8.2705448e-008            
1.030011e-005  -9.149671e-008            
1.0320072e-005  -9.2995678e-008            
1.0340033e-005  -9.1608832e-008            
1.0359995e-005  -8.7664409e-008            
1.0379956e-005  -7.4261784e-008            
1.0399918e-005  -4.0593983e-008            
1.0419879e-005  -4.674578e-010            
1.043984e-005  9.181059e-009            
1.0459802e-005  2.2461616e-009            
1.0479763e-005  -8.3668134e-009            
1.0499725e-005  -2.049691e-008            
1.0519686e-005  -3.2500648e-008            
1.0539648e-005  -4.47622e-008            
1.0559609e-005  -5.8269573e-008            
1.0579571e-005  -7.3217593e-008            
1.0599532e-005  -8.6638903e-008            
1.0619494e-005  -9.3113265e-008            
1.0639455e-005  -9.3432068e-008            
1.0659416e-005  -9.2359794e-008            
1.0679378e-005  -8.9541111e-008            
1.0699339e-005  -7.940925e-008            
1.0719301e-005  -5.0275188e-008            
1.0739262e-005  -9.879962e-009            
1.0759224e-005  2.9888947e-009            
1.0779185e-005  -1.6803022e-009            
1.0799147e-005  -9.4936879e-009            
1.0819108e-005  -2.0677743e-008            
1.083907e-005  -3.3436889e-008            
1.0859031e-005  -4.5855497e-008            
1.0878992e-005  -5.7750089e-008            
1.0898954e-005  -7.1252674e-008            
1.0918915e-005  -8.4894849e-008            
1.0938877e-005  -9.2847975e-008            
1.0958838e-005  -9.4184897e-008            
1.09788e-005  -9.3406897e-008            
1.0998761e-005  -9.1473618e-008            
1.1018723e-005  -8.5129101e-008            
1.1038684e-005  -6.4402284e-008            
1.1058646e-005  -2.8851295e-008            
1.1078607e-005  -8.2557022e-010            
1.1098568e-005  -5.4563092e-009            
1.111853e-005  -1.350857e-008            
1.1138491e-005  -2.3422594e-008            
1.1158453e-005  -3.5913343e-008            
1.1178414e-005  -4.8971556e-008            
1.1198376e-005  -6.1643548e-008            
1.1218337e-005  -7.4761883e-008            
1.1238299e-005  -8.7091522e-008            
1.125826e-005  -9.3905679e-008            
1.1278222e-005  -9.4597537e-008            
1.1298183e-005  -9.3871809e-008            
1.1318144e-005  -9.2103678e-008            
1.1338106e-005  -8.6138474e-008            
1.1358067e-005  -6.7150079e-008            
1.1378029e-005  -3.1612301e-008            
1.139799e-005  -1.3828689e-010            
1.1417952e-005  -2.9071586e-009            
1.1437913e-005  -1.2300875e-008            
1.1457875e-005  -2.4709401e-008            
1.1477836e-005  -3.6821887e-008            
1.1497798e-005  -4.8109901e-008            
1.1517759e-005  -6.0290396e-008            
1.153772e-005  -7.3703411e-008            
1.1557682e-005  -8.6977312e-008            
1.1577643e-005  -9.4588567e-008            
1.1597605e-005  -9.4629313e-008            
1.1617566e-005  -9.390467e-008            
1.1637528e-005  -9.2016823e-008            
1.1657489e-005  -8.6113553e-008            
1.1677451e-005  -6.5348933e-008            
1.1697412e-005  -2.4876363e-008            
1.1717374e-005  -1.4351642e-009            
1.1737335e-005  -7.2521152e-009            
1.1757296e-005  -1.8334624e-008            
1.1777258e-005  -3.0475225e-008            
1.1797219e-005  -4.2281746e-008            
1.1817181e-005  -5.3367121e-008            
1.1837142e-005  -6.5043248e-008            
1.1857104e-005  -7.7339067e-008            
1.1877065e-005  -8.950078e-008            
1.1897027e-005  -9.4773324e-008            
1.1916988e-005  -9.4884201e-008            
1.193695e-005  -9.4294749e-008            
1.1956911e-005  -9.304822e-008            
1.1976872e-005  -8.9123502e-008            
1.1996834e-005  -7.5361241e-008            
1.2016795e-005  -4.6350131e-008            
1.2036757e-005  -9.2219149e-009            
1.2056718e-005  -6.1340127e-009            
1.207668e-005  -1.4066039e-008            
1.2096641e-005  -2.5742318e-008            
1.2116603e-005  -3.9272488e-008            
1.2136564e-005  -5.1968048e-008            
1.2156526e-005  -6.3455941e-008            
1.2176487e-005  -7.5567185e-008            
1.2196448e-005  -8.7356753e-008            
1.221641e-005  -9.457799e-008            
1.2236371e-005  -9.5254826e-008            
1.2256333e-005  -9.4698132e-008            
1.2276294e-005  -9.3292345e-008            
1.2296256e-005  -8.8946746e-008            
1.2316217e-005  -7.3311143e-008            
1.2336179e-005  -3.4995705e-008            
1.235614e-005  -7.7374931e-009            
1.2376102e-005  -6.3546284e-009            
1.2396063e-005  -1.3492294e-008            
1.2416024e-005  -2.5644255e-008            
1.2435986e-005  -3.8306526e-008            
1.2455947e-005  -4.8966643e-008            
1.2475909e-005  -6.0059355e-008            
1.249587e-005  -7.2697067e-008            
1.2515832e-005  -8.638851e-008            
1.2535793e-005  -9.4076247e-008            
1.2555755e-005  -9.4690107e-008            
1.2575716e-005  -9.4085807e-008            
1.2595678e-005  -9.2576026e-008            
1.2615639e-005  -8.8234065e-008            
1.26356e-005  -7.2617755e-008            
1.2655562e-005  -3.2999111e-008            
1.2675523e-005  -5.9360663e-009            
1.2695485e-005  -7.217337e-009            
1.2715446e-005  -1.7957897e-008            
1.2735408e-005  -3.1079531e-008            
1.2755369e-005  -4.3319661e-008            
1.2775331e-005  -5.4968121e-008            
1.2795292e-005  -6.6904478e-008            
1.2815254e-005  -7.9996712e-008            
1.2835215e-005  -9.115604e-008            
1.2855176e-005  -9.4491131e-008            
1.2875138e-005  -9.4411839e-008            
1.2895099e-005  -9.3697744e-008            
1.2915061e-005  -9.2011477e-008            
1.2935022e-005  -8.6638951e-008            
1.2954984e-005  -6.9559887e-008            
1.2974945e-005  -3.7631727e-008            
1.2994907e-005  -9.5170503e-009            
1.3014868e-005  -9.9905956e-009            
1.303483e-005  -1.9398771e-008            
1.3054791e-005  -3.1567378e-008            
1.3074752e-005  -4.4717576e-008            
1.3094714e-005  -5.6307746e-008            
1.3114675e-005  -6.8136036e-008            
1.3134637e-005  -8.0450381e-008            
1.3154598e-005  -9.0684914e-008            
1.317456e-005  -9.4454617e-008            
1.3194521e-005  -9.4333153e-008            
1.3214483e-005  -9.3571673e-008            
1.3234444e-005  -9.1554023e-008            
1.3254406e-005  -8.4306579e-008            
1.3274367e-005  -6.0411252e-008            
1.3294328e-005  -2.2919771e-008            
1.331429e-005  -7.2060983e-009            
1.3334251e-005  -1.4235224e-008            
1.3354213e-005  -2.6074295e-008            
1.3374174e-005  -3.9139987e-008            
1.3394136e-005  -5.0985361e-008            
1.3414097e-005  -6.2203061e-008            
1.3434059e-005  -7.4011471e-008            
1.345402e-005  -8.5729787e-008            
1.3473982e-005  -9.3409253e-008            
1.3493943e-005  -9.5184712e-008            
1.3513904e-005  -9.4913416e-008            
1.3533866e-005  -9.4656505e-008            
1.3553827e-005  -9.4309318e-008            
1.3573789e-005  -9.3832779e-008            
1.359375e-005  -9.2702931e-008            
1.3613712e-005  -8.9419625e-008            
1.3633673e-005  -7.7166973e-008            
1.3653635e-005  -4.6604236e-008            
1.3673596e-005  -4.6931712e-009            
1.3693558e-005  1.0531689e-008            
1.3713519e-005  4.8730489e-009            
1.373348e-005  -2.0665416e-009            
1.3753442e-005  -4.6328663e-009            
1.3773403e-005  -4.1942631e-009            
1.3793365e-005  -4.4142203e-009            
1.3813326e-005  -3.9696589e-009            
1.3833288e-005  -1.9190716e-009            
1.3853249e-005  -1.5206703e-009            
1.3873211e-005  -2.8333941e-009            
1.3893172e-005  -3.0255325e-009            
1.3913134e-005  -6.7298133e-010            
1.3933095e-005  1.1749566e-009            
1.3953056e-005  1.4096898e-011            
1.3973018e-005  -2.335139e-009            
1.3992979e-005  -2.1406305e-009            
1.4012941e-005  -1.1542327e-009            
1.4032902e-005  -6.1590193e-011            
1.4052864e-005  1.0891221e-009            
1.4072825e-005  -1.1528661e-010            
1.4092787e-005  -1.5351998e-009            
1.4112748e-005  -2.1765667e-009            
1.413271e-005  -2.1944028e-009            
1.4152671e-005  -4.0280704e-010            
1.4172632e-005  6.016933e-010            
1.4192594e-005  -1.2210066e-009            
1.4212555e-005  -1.3552289e-009            
