Profile 1             
0  -1.8381248e-009            
2.0018197e-008  -2.1888154e-009            
4.0036393e-008  -1.7415017e-009            
6.005459e-008  -1.357778e-009            
8.0072786e-008  -2.3072403e-009            
1.0009098e-007  -2.4700455e-009            
1.2010918e-007  -1.5531476e-009            
1.4012738e-007  -1.4536593e-009            
1.6014557e-007  -2.0093243e-009            
1.8016377e-007  -1.2191744e-009            
2.0018197e-007  -1.5108009e-009            
2.2020016e-007  -3.5006269e-009            
2.4021836e-007  -3.7590489e-009            
2.6023656e-007  -3.1841865e-009            
2.8025475e-007  -2.8839636e-009            
3.0027295e-007  -2.3201197e-009            
3.2029115e-007  -2.7680409e-009            
3.4030934e-007  -3.2468725e-009            
3.6032754e-007  -3.201356e-009            
3.8034573e-007  -2.6019789e-009            
4.0036393e-007  -2.4242115e-009            
4.2038213e-007  -2.8584566e-009            
4.4040032e-007  -3.548267e-009            
4.6041852e-007  -3.5256493e-009            
4.8043672e-007  -3.2457155e-009            
5.0045491e-007  -2.7673154e-009            
5.2047311e-007  -4.8279201e-009            
5.4049131e-007  -6.7455209e-009            
5.605095e-007  -7.7104175e-009            
5.805277e-007  -7.7173506e-009            
6.005459e-007  -7.7438281e-009            
6.2056409e-007  -5.9397223e-009            
6.4058229e-007  -4.3178257e-009            
6.6060049e-007  -9.1073395e-009            
6.8061868e-007  -1.9092065e-008            
7.0063688e-007  -2.9581537e-008            
7.2065508e-007  -4.4709064e-008            
7.4067327e-007  -6.4603359e-008            
7.6069147e-007  -6.2920143e-008            
7.8070967e-007  -4.8048257e-008            
8.0072786e-007  -3.3675193e-008            
8.2074606e-007  -2.3008209e-008            
8.4076426e-007  -1.4831614e-008            
8.6078245e-007  -7.5030675e-009            
8.8080065e-007  -2.0981333e-009            
9.0081885e-007  -3.1266334e-009            
9.2083704e-007  -1.3324531e-008            
9.4085524e-007  -2.4410752e-008            
9.6087344e-007  -3.7156545e-008            
9.8089163e-007  -5.8385171e-008            
1.0009098e-006  -7.7615075e-008            
1.020928e-006  -8.28676e-008            
1.0409462e-006  -7.2455123e-008            
1.0609644e-006  -5.4686805e-008            
1.0809826e-006  -3.6010125e-008            
1.1010008e-006  -2.0830694e-008            
1.121019e-006  -9.6454227e-009            
1.1410372e-006  -9.0820847e-010            
1.1610554e-006  6.1591957e-009            
1.1810736e-006  9.8843516e-009            
1.2010918e-006  4.9008322e-009            
1.22111e-006  -5.910239e-009            
1.2411282e-006  -1.6395022e-008            
1.2611464e-006  -3.1165488e-008            
1.2811646e-006  -6.0004295e-008            
1.3011828e-006  -7.3019886e-008            
1.321201e-006  -6.3905325e-008            
1.3412192e-006  -4.9456663e-008            
1.3612374e-006  -3.6513853e-008            
1.3812556e-006  -2.5671945e-008            
1.4012738e-006  -1.6987606e-008            
1.421292e-006  -1.0170516e-008            
1.4413102e-006  -4.7317886e-009            
1.4613284e-006  1.5608789e-010            
1.4813465e-006  -7.1647159e-010            
1.5013647e-006  -1.1035636e-008            
1.5213829e-006  -2.1546503e-008            
1.5414011e-006  -3.4916719e-008            
1.5614193e-006  -6.1036558e-008            
1.5814375e-006  -7.6040905e-008            
1.6014557e-006  -7.2265912e-008            
1.6214739e-006  -6.0448784e-008            
1.6414921e-006  -4.7109541e-008            
1.6615103e-006  -3.3934297e-008            
1.6815285e-006  -2.2153894e-008            
1.7015467e-006  -1.3176349e-008            
1.7215649e-006  -5.1705006e-009            
1.7415831e-006  1.364459e-009            
1.7616013e-006  3.0012567e-010            
1.7816195e-006  -7.2397318e-009            
1.8016377e-006  -1.7791336e-008            
1.8216559e-006  -2.9874098e-008            
1.8416741e-006  -5.1402033e-008            
1.8616923e-006  -7.4753833e-008            
1.8817105e-006  -8.3780459e-008            
1.9017287e-006  -7.9256464e-008            
1.9217469e-006  -6.3802262e-008            
1.9417651e-006  -4.7743812e-008            
1.9617833e-006  -3.5036556e-008            
1.9818015e-006  -2.4631665e-008            
2.0018197e-006  -1.5813181e-008            
2.0218379e-006  -7.830745e-009            
2.0418561e-006  -1.4963623e-009            
2.0618742e-006  -1.0352078e-009            
2.0818924e-006  -1.1388071e-008            
2.1019106e-006  -2.2700762e-008            
2.1219288e-006  -3.5486877e-008            
2.141947e-006  -5.9566e-008            
2.1619652e-006  -7.4372441e-008            
2.1819834e-006  -6.7801723e-008            
2.2020016e-006  -5.4347175e-008            
2.2220198e-006  -4.2045068e-008            
2.242038e-006  -3.2075071e-008            
2.2620562e-006  -2.2334974e-008            
2.2820744e-006  -1.3352697e-008            
2.3020926e-006  -5.2845131e-009            
2.3221108e-006  7.4383924e-010            
2.342129e-006  9.85783e-010            
2.3621472e-006  -6.9116874e-009            
2.3821654e-006  -1.6790208e-008            
2.4021836e-006  -2.9358111e-008            
2.4222018e-006  -5.2009001e-008            
2.44222e-006  -7.5068416e-008            
2.4622382e-006  -8.3492786e-008            
2.4822564e-006  -7.4932245e-008            
2.5022746e-006  -5.7269428e-008            
2.5222928e-006  -3.9526428e-008            
2.542311e-006  -2.4510535e-008            
2.5623292e-006  -1.3247177e-008            
2.5823474e-006  -4.5300252e-009            
2.6023656e-006  2.6112891e-009            
2.6223838e-006  5.3335577e-009            
2.6424019e-006  2.3934253e-009            
2.6624201e-006  -7.6704509e-009            
2.6824383e-006  -1.834525e-008            
2.7024565e-006  -3.1768616e-008            
2.7224747e-006  -5.7468289e-008            
2.7424929e-006  -7.7733458e-008            
2.7625111e-006  -7.5316601e-008            
2.7825293e-006  -5.9429377e-008            
2.8025475e-006  -4.2046649e-008            
2.8225657e-006  -2.796044e-008            
2.8425839e-006  -1.7091527e-008            
2.8626021e-006  -8.6876929e-009            
2.8826203e-006  -1.5567665e-009            
2.9026385e-006  3.4739156e-009            
2.9226567e-006  2.4033565e-009            
2.9426749e-006  -6.9428866e-009            
2.9626931e-006  -1.7798278e-008            
2.9827113e-006  -3.1154891e-008            
3.0027295e-006  -5.5621309e-008            
3.0227477e-006  -7.6639811e-008            
3.0427659e-006  -7.5965376e-008            
3.0627841e-006  -6.239439e-008            
3.0828023e-006  -4.7935733e-008            
3.1028205e-006  -3.4785178e-008            
3.1228387e-006  -2.215876e-008            
3.1428569e-006  -1.1961327e-008            
3.1628751e-006  -3.9951347e-009            
3.1828933e-006  3.1776285e-009            
3.2029115e-006  6.9367545e-009            
3.2229296e-006  1.98917e-010            
3.2429478e-006  -1.1357392e-008            
3.262966e-006  -2.2673018e-008            
3.2829842e-006  -4.2130801e-008            
3.3030024e-006  -6.8922204e-008            
3.3230206e-006  -8.1831264e-008            
3.3430388e-006  -7.6924077e-008            
3.363057e-006  -5.9788306e-008            
3.3830752e-006  -4.1455676e-008            
3.4030934e-006  -2.6836911e-008            
3.4231116e-006  -1.5613147e-008            
3.4431298e-006  -6.7483106e-009            
3.463148e-006  4.4756491e-010            
3.4831662e-006  4.8935401e-009            
3.5031844e-006  2.9804639e-009            
3.5232026e-006  -6.9370572e-009            
3.5432208e-006  -1.733033e-008            
3.563239e-006  -3.0943046e-008            
3.5832572e-006  -5.8501752e-008            
3.6032754e-006  -7.5506537e-008            
3.6232936e-006  -6.9196204e-008            
3.6433118e-006  -5.2899702e-008            
3.66333e-006  -3.7140206e-008            
3.6833482e-006  -2.4570621e-008            
3.7033664e-006  -1.5203241e-008            
3.7233846e-006  -7.9400509e-009            
3.7434028e-006  -2.2177711e-009            
3.763421e-006  2.3308431e-009            
3.7834392e-006  3.1270318e-009            
3.8034573e-006  -4.328007e-009            
3.8234755e-006  -1.4879574e-008            
3.8434937e-006  -2.7670533e-008            
3.8635119e-006  -5.2795058e-008            
3.8835301e-006  -7.4931496e-008            
3.9035483e-006  -7.7988825e-008            
3.9235665e-006  -6.8019858e-008            
3.9435847e-006  -5.4531799e-008            
3.9636029e-006  -4.137827e-008            
3.9836211e-006  -2.9239831e-008            
4.0036393e-006  -1.9046107e-008            
4.0236575e-006  -1.0224435e-008            
4.0436757e-006  -2.8076529e-009            
4.0636939e-006  2.2288338e-009            
4.0837121e-006  4.1680329e-010            
4.1037303e-006  -9.9865535e-009            
4.1237485e-006  -2.1515993e-008            
4.1437667e-006  -3.3395794e-008            
4.1637849e-006  -5.3312242e-008            
4.1838031e-006  -7.3924137e-008            
4.2038213e-006  -7.7746981e-008            
4.2238395e-006  -6.4102217e-008            
4.2438577e-006  -4.5278694e-008            
4.2638759e-006  -2.9327036e-008            
4.2838941e-006  -1.7791352e-008            
4.3039123e-006  -9.1416235e-009            
4.3239305e-006  -2.4812316e-009            
4.3439487e-006  1.3122359e-009            
4.3639669e-006  9.3334761e-010            
4.3839851e-006  -5.8688734e-009            
4.4040032e-006  -1.7277549e-008            
4.4240214e-006  -2.9135243e-008            
4.4440396e-006  -4.6068723e-008            
4.4640578e-006  -6.6464856e-008            
4.484076e-006  -6.8224709e-008            
4.5040942e-006  -5.6525134e-008            
4.5241124e-006  -4.430918e-008            
4.5441306e-006  -3.4806052e-008            
4.5641488e-006  -2.6707387e-008            
4.584167e-006  -1.923786e-008            
4.6041852e-006  -1.2984953e-008            
4.6242034e-006  -7.4038046e-009            
4.6442216e-006  -1.8614903e-009            
4.6642398e-006  -1.9878042e-010            
4.684258e-006  -7.5268485e-009            
4.7042762e-006  -1.9453886e-008            
4.7242944e-006  -3.1084177e-008            
4.7443126e-006  -4.9044257e-008            
4.7643308e-006  -7.1821273e-008            
4.784349e-006  -7.8722051e-008            
4.8043672e-006  -7.0159882e-008            
4.8243854e-006  -5.5140421e-008            
4.8444036e-006  -3.8560795e-008            
4.8644218e-006  -2.3915444e-008            
4.88444e-006  -1.3382685e-008            
4.9044582e-006  -5.6190422e-009            
4.9244764e-006  1.0043895e-009            
4.9444946e-006  3.6016111e-009            
4.9645128e-006  -2.2613437e-009            
4.9845309e-006  -1.2767247e-008            
5.0045491e-006  -2.3693305e-008            
5.0245673e-006  -4.1677332e-008            
5.0445855e-006  -6.7676484e-008            
5.0646037e-006  -7.9259505e-008            
5.0846219e-006  -7.1256171e-008            
5.1046401e-006  -5.5663141e-008            
5.1246583e-006  -3.9710957e-008            
5.1446765e-006  -2.5489306e-008            
5.1646947e-006  -1.4709106e-008            
5.1847129e-006  -6.3436101e-009            
5.2047311e-006  5.6160541e-010            
5.2247493e-006  3.9458609e-009            
5.2447675e-006  -7.2046729e-010            
5.2647857e-006  -1.1741459e-008            
5.2848039e-006  -2.258282e-008            
5.3048221e-006  -4.0355834e-008            
5.3248403e-006  -6.7699871e-008            
5.3448585e-006  -7.9979326e-008            
5.3648767e-006  -7.2429447e-008            
5.3848949e-006  -5.5700295e-008            
5.4049131e-006  -3.9452313e-008            
5.4249313e-006  -2.7022183e-008            
5.4449495e-006  -1.7318638e-008            
5.4649677e-006  -9.1434192e-009            
5.4849859e-006  -1.9626841e-009            
5.5050041e-006  2.9217561e-009            
5.5250223e-006  2.6840704e-009            
5.5450405e-006  -6.8601352e-009            
5.5650586e-006  -1.8238209e-008            
5.5850768e-006  -2.9740748e-008            
5.605095e-006  -4.9144476e-008            
5.6251132e-006  -7.2966605e-008            
5.6451314e-006  -7.7150023e-008            
5.6651496e-006  -6.3308955e-008            
5.6851678e-006  -4.4417429e-008            
5.705186e-006  -2.7671624e-008            
5.7252042e-006  -1.5241815e-008            
5.7452224e-006  -6.5055395e-009            
5.7652406e-006  -4.4486226e-010            
5.7852588e-006  3.4540318e-009            
5.805277e-006  4.8704111e-009            
5.8252952e-006  2.2699522e-010            
5.8453134e-006  -1.1802137e-008            
5.8653316e-006  -2.3569529e-008            
5.8853498e-006  -4.0742789e-008            
5.905368e-006  -6.5612852e-008            
5.9253862e-006  -7.3208474e-008            
5.9454044e-006  -6.3067804e-008            
5.9654226e-006  -5.0810909e-008            
5.9854408e-006  -3.9998954e-008            
6.005459e-006  -3.0205921e-008            
6.0254772e-006  -2.1235681e-008            
6.0454954e-006  -1.3116685e-008            
6.0655136e-006  -6.8531691e-009            
6.0855318e-006  -3.2216198e-009            
6.10555e-006  -1.7901362e-009            
6.1255682e-006  -8.9012208e-009            
6.1455863e-006  -1.9259838e-008            
6.1656045e-006  -3.0301392e-008            
6.1856227e-006  -4.8441284e-008            
6.2056409e-006  -7.2137484e-008            
6.2256591e-006  -7.9027648e-008            
6.2456773e-006  -6.7494425e-008            
6.2656955e-006  -5.0193503e-008            
6.2857137e-006  -3.3197217e-008            
6.3057319e-006  -2.0074695e-008            
6.3257501e-006  -1.0858794e-008            
6.3457683e-006  -3.2306316e-009            
6.3657865e-006  3.5862326e-009            
6.3858047e-006  5.132492e-009            
6.4058229e-006  -4.505853e-009            
6.4258411e-006  -1.6881171e-008            
6.4458593e-006  -2.8601066e-008            
6.4658775e-006  -5.0417936e-008            
6.4858957e-006  -7.3215716e-008            
6.5059139e-006  -6.7917822e-008            
6.5259321e-006  -5.3058321e-008            
6.5459503e-006  -3.9669793e-008            
6.5659685e-006  -2.9376905e-008            
6.5859867e-006  -2.0578853e-008            
6.6060049e-006  -1.2675149e-008            
6.6260231e-006  -6.9177316e-009            
6.6460413e-006  -1.5936932e-009            
6.6660595e-006  1.5067057e-009            
6.6860777e-006  -5.2656521e-009            
6.7060959e-006  -1.6104537e-008            
6.726114e-006  -2.7115696e-008            
6.7461322e-006  -4.5066169e-008            
6.7661504e-006  -7.0047192e-008            
6.7861686e-006  -7.455248e-008            
6.8061868e-006  -6.233974e-008            
6.826205e-006  -4.8860984e-008            
6.8462232e-006  -3.806223e-008            
6.8662414e-006  -2.931408e-008            
6.8862596e-006  -2.0855968e-008            
6.9062778e-006  -1.3557537e-008            
6.926296e-006  -8.5469154e-009            
6.9463142e-006  -4.840635e-009            
6.9663324e-006  -2.9594237e-009            
6.9863506e-006  -1.0154563e-008            
7.0063688e-006  -2.4478251e-008            
7.026387e-006  -3.6073009e-008            
7.0464052e-006  -5.1824053e-008            
7.0664234e-006  -7.4014151e-008            
7.0864416e-006  -7.867936e-008            
7.1064598e-006  -6.7357121e-008            
7.126478e-006  -5.1628396e-008            
7.1464962e-006  -3.7831798e-008            
7.1665144e-006  -2.5706154e-008            
7.1865326e-006  -1.5723106e-008            
7.2065508e-006  -7.2021901e-009            
7.226569e-006  -8.5562559e-011            
7.2465872e-006  4.1269395e-009            
7.2666054e-006  -2.6481843e-010            
7.2866236e-006  -1.2030256e-008            
7.3066418e-006  -2.2684658e-008            
7.3266599e-006  -3.930961e-008            
7.3466781e-006  -6.7536932e-008            
7.3666963e-006  -7.5080634e-008            
7.3867145e-006  -6.4318316e-008            
7.4067327e-006  -5.136616e-008            
7.4267509e-006  -4.0902893e-008            
7.4467691e-006  -3.2325421e-008            
7.4667873e-006  -2.3861034e-008            
7.4868055e-006  -1.6120983e-008            
7.5068237e-006  -9.4611371e-009            
7.5268419e-006  -3.281197e-009            
7.5468601e-006  2.0224818e-010            
7.5668783e-006  -6.5579522e-009            
7.5868965e-006  -1.8384583e-008            
7.6069147e-006  -2.9819847e-008            
7.6269329e-006  -4.7660202e-008            
7.6469511e-006  -7.2509013e-008            
7.6669693e-006  -7.9460023e-008            
7.6869875e-006  -6.7313089e-008            
7.7070057e-006  -5.1200522e-008            
7.7270239e-006  -3.7071133e-008            
7.7470421e-006  -2.4819267e-008            
7.7670603e-006  -1.5116734e-008            
7.7870785e-006  -6.7802412e-009            
7.8070967e-006  4.2015087e-010            
7.8271149e-006  2.4547077e-009            
7.8471331e-006  -4.8868636e-009            
7.8671513e-006  -1.6769517e-008            
7.8871695e-006  -2.868948e-008            
7.9071876e-006  -4.8279171e-008            
7.9272058e-006  -7.3922009e-008            
7.947224e-006  -8.2713679e-008            
7.9672422e-006  -7.846564e-008            
7.9872604e-006  -6.1361392e-008            
8.0072786e-006  -4.2606715e-008            
8.0272968e-006  -2.7668048e-008            
8.047315e-006  -1.6323189e-008            
8.0673332e-006  -8.0163742e-009            
8.0873514e-006  -7.7543187e-010            
8.1073696e-006  4.0784957e-009            
8.1273878e-006  -8.8224815e-011            
8.147406e-006  -1.3325671e-008            
8.1674242e-006  -2.5188521e-008            
8.1874424e-006  -4.124215e-008            
8.2074606e-006  -6.7211454e-008            
8.2274788e-006  -7.9600306e-008            
8.247497e-006  -7.509361e-008            
8.2675152e-006  -6.1136428e-008            
8.2875334e-006  -4.6445752e-008            
8.3075516e-006  -3.3950886e-008            
8.3275698e-006  -2.4433049e-008            
8.347588e-006  -1.5993742e-008            
8.3676062e-006  -8.0830381e-009            
8.3876244e-006  -2.4126038e-009            
8.4076426e-006  -4.7680763e-010            
8.4276608e-006  -7.6455982e-009            
8.447679e-006  -2.086265e-008            
8.4676972e-006  -3.255312e-008            
8.4877153e-006  -4.9773859e-008            
8.5077335e-006  -7.3062584e-008            
8.5277517e-006  -7.8235395e-008            
8.5477699e-006  -6.6927501e-008            
8.5677881e-006  -5.2497514e-008            
8.5878063e-006  -3.9252854e-008            
8.6078245e-006  -2.7691339e-008            
8.6278427e-006  -1.8497438e-008            
8.6478609e-006  -1.0696739e-008            
8.6678791e-006  -3.5374302e-009            
8.6878973e-006  1.051366e-009            
8.7079155e-006  -3.623588e-009            
8.7279337e-006  -1.6204043e-008            
8.7479519e-006  -2.8131636e-008            
8.7679701e-006  -4.5622196e-008            
8.7879883e-006  -7.0707513e-008            
8.8080065e-006  -7.7565312e-008            
8.8280247e-006  -6.6019563e-008            
8.8480429e-006  -5.0518134e-008            
8.8680611e-006  -3.7278532e-008            
8.8880793e-006  -2.7234211e-008            
8.9080975e-006  -1.8535774e-008            
8.9281157e-006  -1.0692266e-008            
8.9481339e-006  -3.92054e-009            
8.9681521e-006  3.5239515e-010            
8.9881703e-006  -6.036199e-010            
9.0081885e-006  -9.232182e-009            
9.0282067e-006  -2.1971458e-008            
9.0482249e-006  -3.4116512e-008            
9.068243e-006  -5.1667175e-008            
9.0882612e-006  -7.3413946e-008            
9.1082794e-006  -8.0390514e-008            
9.1282976e-006  -7.0053936e-008            
9.1483158e-006  -5.1647597e-008            
9.168334e-006  -3.4074695e-008            
9.1883522e-006  -2.0049845e-008            
9.2083704e-006  -9.3622998e-009            
9.2283886e-006  -9.4071925e-010            
9.2484068e-006  4.8133205e-009            
9.268425e-006  4.4512604e-009            
9.2884432e-006  -4.0603342e-009            
9.3084614e-006  -1.550194e-008            
9.3284796e-006  -2.8669633e-008            
9.3484978e-006  -4.977948e-008            
9.368516e-006  -7.0040205e-008            
9.3885342e-006  -6.7228722e-008            
9.4085524e-006  -5.4206331e-008            
9.4285706e-006  -4.1167263e-008            
9.4485888e-006  -3.060815e-008            
9.468607e-006  -2.1609011e-008            
9.4886252e-006  -1.3605065e-008            
9.5086434e-006  -6.9123829e-009            
9.5286616e-006  -1.8028523e-009            
9.5486798e-006  -9.7973995e-010            
9.568698e-006  -8.5369393e-009            
9.5887162e-006  -1.9535055e-008            
9.6087344e-006  -3.0945543e-008            
9.6287526e-006  -4.8816787e-008            
9.6487707e-006  -7.1339679e-008            
9.6687889e-006  -7.7123058e-008            
9.6888071e-006  -6.6702771e-008            
9.7088253e-006  -5.152346e-008            
9.7288435e-006  -3.7846914e-008            
9.7488617e-006  -2.6090298e-008            
9.7688799e-006  -1.6253789e-008            
9.7888981e-006  -7.5631226e-009            
9.8089163e-006  3.3705638e-011            
9.8289345e-006  4.3944391e-009            
9.8489527e-006  2.5566635e-009            
9.8689709e-006  -7.1463711e-009            
9.8889891e-006  -1.9466314e-008            
9.9090073e-006  -3.4287705e-008            
9.9290255e-006  -5.7941979e-008            
9.9490437e-006  -7.6974146e-008            
9.9690619e-006  -8.2234923e-008            
9.9890801e-006  -7.2053387e-008            
1.0009098e-005  -5.3075601e-008            
1.0029116e-005  -3.4499584e-008            
1.0049135e-005  -2.0301527e-008            
1.0069153e-005  -1.0247607e-008            
1.0089171e-005  -2.6428624e-009            
1.0109189e-005  3.3102606e-009            
1.0129207e-005  4.893747e-009            
1.0149226e-005  -2.2213613e-009            
1.0169244e-005  -1.4788493e-008            
1.0189262e-005  -2.7411393e-008            
1.020928e-005  -4.5535315e-008            
1.0229298e-005  -6.808823e-008            
1.0249317e-005  -7.4986865e-008            
1.0269335e-005  -6.5704221e-008            
1.0289353e-005  -5.2802908e-008            
1.0309371e-005  -4.1077121e-008            
1.0329389e-005  -3.0744648e-008            
1.0349408e-005  -2.1369919e-008            
1.0369426e-005  -1.4119512e-008            
1.0389444e-005  -8.4087518e-009            
1.0409462e-005  -2.6342497e-009            
1.042948e-005  1.5519527e-010            
1.0449499e-005  -5.5312849e-009            
1.0469517e-005  -1.7679397e-008            
1.0489535e-005  -3.0238198e-008            
1.0509553e-005  -4.7737428e-008            
1.0529571e-005  -6.8171787e-008            
1.054959e-005  -7.2890322e-008            
1.0569608e-005  -6.0198274e-008            
1.0589626e-005  -4.423071e-008            
1.0609644e-005  -3.0186457e-008            
1.0629662e-005  -1.9227761e-008            
1.0649681e-005  -1.0532612e-008            
1.0669699e-005  -2.8937822e-009            
1.0689717e-005  2.5438615e-009            
1.0709735e-005  2.9954292e-009            
1.0729753e-005  -4.6120229e-009            
1.0749772e-005  -1.6585529e-008            
1.076979e-005  -2.9093131e-008            
1.0789808e-005  -4.7425329e-008            
1.0809826e-005  -7.008913e-008            
1.0829844e-005  -7.9511394e-008            
1.0849863e-005  -6.9800017e-008            
1.0869881e-005  -5.2684969e-008            
1.0889899e-005  -3.6591576e-008            
1.0909917e-005  -2.3239687e-008            
1.0929935e-005  -1.2576871e-008            
1.0949954e-005  -3.9104549e-009            
1.0969972e-005  2.6190474e-009            
1.098999e-005  4.4373397e-009            
1.1010008e-005  -1.6848115e-009            
1.1030026e-005  -1.3490925e-008            
1.1050045e-005  -2.5854602e-008            
1.1070063e-005  -4.4251066e-008            
1.1090081e-005  -6.8602948e-008            
1.1110099e-005  -8.0825655e-008            
1.1130117e-005  -7.6297247e-008            
1.1150135e-005  -6.1965831e-008            
1.1170154e-005  -4.4891328e-008            
1.1190172e-005  -3.0391512e-008            
1.121019e-005  -1.9068023e-008            
1.1230208e-005  -1.0162187e-008            
1.1250226e-005  -2.2206316e-009            
1.1270245e-005  3.1759261e-009            
1.1290263e-005  2.4957304e-009            
1.1310281e-005  -7.2996366e-009            
1.1330299e-005  -2.0814295e-008            
1.1350317e-005  -3.4597942e-008            
1.1370336e-005  -5.5321906e-008            
1.1390354e-005  -7.6684646e-008            
1.1410372e-005  -8.1709407e-008            
1.143039e-005  -7.3347561e-008            
1.1450408e-005  -5.7536343e-008            
1.1470427e-005  -4.191942e-008            
1.1490445e-005  -2.9284238e-008            
1.1510463e-005  -1.9451145e-008            
1.1530481e-005  -1.1626868e-008            
1.1550499e-005  -5.0839276e-009            
1.1570518e-005  -4.532685e-010            
1.1590536e-005  -2.5304856e-009            
1.1610554e-005  -1.3289222e-008            
1.1630572e-005  -2.5704068e-008            
1.165059e-005  -4.096896e-008            
1.1670609e-005  -6.0005042e-008            
1.1690627e-005  -6.7083202e-008            
1.1710645e-005  -5.7254286e-008            
1.1730663e-005  -4.6764193e-008            
1.1750681e-005  -3.8210764e-008            
1.17707e-005  -3.0902598e-008            
1.1790718e-005  -2.4460472e-008            
1.1810736e-005  -1.817064e-008            
1.1830754e-005  -1.1538673e-008            
1.1850772e-005  -5.3758038e-009            
1.1870791e-005  -1.5945168e-009            
1.1890809e-005  -5.5166745e-009            
1.1910827e-005  -1.8662046e-008            
1.1930845e-005  -3.1955672e-008            
1.1950863e-005  -4.7399588e-008            
1.1970882e-005  -6.7742858e-008            
1.19909e-005  -7.9495877e-008            
1.2010918e-005  -7.2489436e-008            
1.2030936e-005  -5.5833388e-008            
1.2050954e-005  -3.8084961e-008            
1.2070973e-005  -2.3680048e-008            
1.2090991e-005  -1.259949e-008            
1.2111009e-005  -3.6363577e-009            
1.2131027e-005  2.5680776e-009            
1.2151045e-005  2.4467749e-009            
1.2171064e-005  -5.1426213e-009            
1.2191082e-005  -1.605015e-008            
1.22111e-005  -2.857006e-008            
1.2231118e-005  -4.5090491e-008            
1.2251136e-005  -5.8795755e-008            
1.2271155e-005  -5.6272808e-008            
1.2291173e-005  -4.6038347e-008            
1.2311191e-005  -3.5492754e-008            
1.2331209e-005  -2.6233552e-008            
1.2351227e-005  -1.7836276e-008            
1.2371245e-005  -1.0479341e-008            
1.2391264e-005  -6.0332269e-009            
1.2411282e-005  -5.1180248e-009            
1.24313e-005  -4.8208232e-009            
1.2451318e-005  -3.8900607e-009            
1.2471336e-005  -3.7710064e-009            
1.2491355e-005  -3.7909603e-009            
1.2511373e-005  -3.3388583e-009            
1.2531391e-005  -2.7300322e-009            
1.2551409e-005  -1.9012e-009            
1.2571427e-005  -9.0238142e-010            
1.2591446e-005  -1.248465e-009            
1.2611464e-005  -1.5836534e-009            
1.2631482e-005  -1.51568e-009            
1.26515e-005  -1.8290422e-009            
1.2671518e-005  -1.5955698e-009            
1.2691537e-005  -1.286131e-009            
1.2711555e-005  -1.4113916e-009            
1.2731573e-005  -1.7344709e-009            
1.2751591e-005  -2.0575575e-009            
1.2771609e-005  -1.74945e-009            
1.2791628e-005  -1.6443726e-009            
1.2811646e-005  -2.2776842e-009            
1.2831664e-005  -2.3177733e-009            
1.2851682e-005  -2.2064483e-009            
1.28717e-005  -1.9532817e-009            
1.2891719e-005  -9.2093721e-010            
1.2911737e-005  -4.3516369e-010            
1.2931755e-005  -3.4261685e-010            
1.2951773e-005  -7.5349371e-010            
1.2971791e-005  -2.1892615e-009            
1.299181e-005  -2.7430169e-009            
1.3011828e-005  -3.0599442e-009            
1.3031846e-005  -3.3513845e-009            
1.3051864e-005  -3.1215584e-009            
1.3071882e-005  -2.4440799e-009            
1.3091901e-005  -1.2283964e-009            
1.3111919e-005  -9.0904737e-010            
1.3131937e-005  -1.9175021e-009            
1.3151955e-005  -2.5892242e-009            
1.3171973e-005  -1.879361e-009            
