Profile 1             
0  9.1154012e-009            
1.9996916e-008  6.3111234e-009            
3.9993832e-008  3.1981746e-009            
5.9990748e-008  3.2379476e-009            
7.9987664e-008  4.303875e-009            
9.998458e-008  6.0443407e-009            
1.199815e-007  6.7626278e-009            
1.3997841e-007  7.0700081e-009            
1.5997533e-007  8.1348291e-009            
1.7997224e-007  8.5742084e-009            
1.9996916e-007  8.5756324e-009            
2.1996608e-007  8.4435763e-009            
2.3996299e-007  8.0008178e-009            
2.5995991e-007  7.9564482e-009            
2.7995682e-007  7.9292338e-009            
2.9995374e-007  7.6252892e-009            
3.1995066e-007  7.3385264e-009            
3.3994757e-007  7.3202373e-009            
3.5994449e-007  7.3387733e-009            
3.799414e-007  7.7174266e-009            
3.9993832e-007  8.2992464e-009            
4.1993524e-007  8.6927312e-009            
4.3993215e-007  8.4899692e-009            
4.5992907e-007  8.2333256e-009            
4.7992598e-007  7.5679383e-009            
4.999229e-007  6.5468401e-009            
5.1991981e-007  6.1600062e-009            
5.3991673e-007  6.5668298e-009            
5.5991365e-007  6.782869e-009            
5.7991056e-007  6.6204385e-009            
5.9990748e-007  6.4865976e-009            
6.1990439e-007  5.9897485e-009            
6.3990131e-007  5.3561173e-009            
6.5989823e-007  4.829419e-009            
6.7989514e-007  4.208101e-009            
6.9989206e-007  3.8962447e-009            
7.1988897e-007  3.9566488e-009            
7.3988589e-007  4.2458152e-009            
7.5988281e-007  4.5349896e-009            
7.7987972e-007  4.9129225e-009            
7.9987664e-007  5.446728e-009            
8.1987355e-007  4.7501342e-009            
8.3987047e-007  2.865789e-009            
8.5986739e-007  4.357376e-010            
8.798643e-007  -1.6024411e-011            
8.9986122e-007  6.9050273e-010            
9.1985813e-007  1.0624202e-009            
9.3985505e-007  1.1687344e-009            
9.5985197e-007  4.0621115e-010            
9.7984888e-007  -2.7147417e-010            
9.998458e-007  -6.4551213e-010            
1.0198427e-006  -6.9665149e-010            
1.0398396e-006  -3.7217468e-010            
1.0598365e-006  1.4297047e-010            
1.0798335e-006  1.2455455e-010            
1.0998304e-006  -2.0320106e-009            
1.1198273e-006  -4.8017191e-009            
1.1398242e-006  -7.3237864e-009            
1.1598211e-006  -6.6777978e-009            
1.179818e-006  -3.1116855e-009            
1.199815e-006  -3.8718312e-011            
1.2198119e-006  1.9224518e-009            
1.2398088e-006  2.9634187e-009            
1.2598057e-006  3.2209772e-009            
1.2798026e-006  3.1564501e-009            
1.2997995e-006  3.2738633e-009            
1.3197965e-006  3.9535627e-009            
1.3397934e-006  4.5548333e-009            
1.3597903e-006  4.1028202e-009            
1.3797872e-006  3.1439167e-009            
1.3997841e-006  2.3280023e-009            
1.419781e-006  8.7041266e-010            
1.4397779e-006  -1.8300174e-009            
1.4597749e-006  -5.1994363e-009            
1.4797718e-006  -6.6436863e-009            
1.4997687e-006  -5.7108766e-009            
1.5197656e-006  -4.2658133e-009            
1.5397625e-006  -2.6255547e-009            
1.5597594e-006  -3.2395715e-010            
1.5797564e-006  6.5868e-010            
1.5997533e-006  7.2680258e-010            
1.6197502e-006  3.1391363e-010            
1.6397471e-006  -4.4133067e-010            
1.659744e-006  -1.0040699e-009            
1.6797409e-006  -1.5793736e-009            
1.6997379e-006  -2.80878e-009            
1.7197348e-006  -4.3922253e-009            
1.7397317e-006  -5.7656447e-009            
1.7597286e-006  -6.7773196e-009            
1.7797255e-006  -7.0571003e-009            
1.7997224e-006  -5.445317e-009            
1.8197194e-006  -3.0346145e-009            
1.8397163e-006  4.5257557e-010            
1.8597132e-006  4.3374285e-009            
1.8797101e-006  6.5226005e-009            
1.899707e-006  6.9916109e-009            
1.9197039e-006  6.7756038e-009            
1.9397008e-006  6.5179652e-009            
1.9596978e-006  6.3542926e-009            
1.9796947e-006  6.3350923e-009            
1.9996916e-006  6.227407e-009            
2.0196885e-006  6.2999927e-009            
2.0396854e-006  6.632144e-009            
2.0596823e-006  6.9363257e-009            
2.0796793e-006  5.8011586e-009            
2.0996762e-006  1.8872984e-009            
2.1196731e-006  -1.7287047e-009            
2.13967e-006  -2.5700758e-009            
2.1596669e-006  -2.1687223e-009            
2.1796638e-006  -2.2195732e-009            
2.1996608e-006  -2.4610706e-009            
2.2196577e-006  -2.7470101e-009            
2.2396546e-006  -2.8811109e-009            
2.2596515e-006  -2.6469873e-009            
2.2796484e-006  -2.2258093e-009            
2.2996453e-006  -1.8357548e-009            
2.3196423e-006  -1.5196498e-009            
2.3396392e-006  -1.2320003e-009            
2.3596361e-006  -1.3558534e-009            
2.379633e-006  -1.8990901e-009            
2.3996299e-006  -2.7007857e-009            
2.4196268e-006  -3.3506135e-009            
2.4396237e-006  -3.5871568e-009            
2.4596207e-006  -3.3724737e-009            
2.4796176e-006  -2.8761589e-009            
2.4996145e-006  -2.8123555e-009            
2.5196114e-006  -3.095668e-009            
2.5396083e-006  -3.5005271e-009            
2.5596052e-006  -3.6621722e-009            
2.5796022e-006  -3.4058946e-009            
2.5995991e-006  -2.932863e-009            
2.619596e-006  -2.7446719e-009            
2.6395929e-006  -2.7812511e-009            
2.6595898e-006  -2.8249638e-009            
2.6795867e-006  -2.7651823e-009            
2.6995837e-006  -2.7348311e-009            
2.7195806e-006  -2.8043776e-009            
2.7395775e-006  -3.0051068e-009            
2.7595744e-006  -3.35937e-009            
2.7795713e-006  -3.5824575e-009            
2.7995682e-006  -3.157294e-009            
2.8195651e-006  -2.2662296e-009            
2.8395621e-006  -2.4316635e-009            
2.859559e-006  -3.3213982e-009            
2.8795559e-006  -3.9974504e-009            
2.8995528e-006  -4.19557e-009            
2.9195497e-006  -3.7508417e-009            
2.9395466e-006  -2.9936821e-009            
2.9595436e-006  -2.3673269e-009            
2.9795405e-006  -1.9165092e-009            
2.9995374e-006  -1.5522471e-009            
3.0195343e-006  -1.4261492e-009            
3.0395312e-006  -2.1652002e-009            
3.0595281e-006  -3.5463387e-009            
3.0795251e-006  -4.0711594e-009            
3.099522e-006  -2.7684723e-009            
3.1195189e-006  -4.118996e-010            
3.1395158e-006  1.1789983e-009            
3.1595127e-006  2.0032896e-009            
3.1795096e-006  2.4024792e-009            
3.1995066e-006  2.3276151e-009            
3.2195035e-006  2.2433391e-009            
3.2395004e-006  2.1652156e-009            
3.2594973e-006  1.9276809e-009            
3.2794942e-006  1.6917539e-009            
3.2994911e-006  1.6096198e-009            
3.319488e-006  1.4909562e-009            
3.339485e-006  1.4712682e-009            
3.3594819e-006  1.4344136e-009            
3.3794788e-006  1.416444e-009            
3.3994757e-006  1.7013435e-009            
3.4194726e-006  2.2470485e-009            
3.4394695e-006  1.7836351e-009            
3.4594665e-006  -8.1766823e-010            
3.4794634e-006  -3.1506973e-009            
3.4994603e-006  -3.7759562e-009            
3.5194572e-006  -3.6401174e-009            
3.5394541e-006  -3.4112088e-009            
3.559451e-006  -3.1937378e-009            
3.579448e-006  -3.0979539e-009            
3.5994449e-006  -3.2900562e-009            
3.6194418e-006  -3.7693927e-009            
3.6394387e-006  -4.0599252e-009            
3.6594356e-006  -4.0694388e-009            
3.6794325e-006  -4.0718947e-009            
3.6994295e-006  -3.9415407e-009            
3.7194264e-006  -3.9060601e-009            
3.7394233e-006  -3.9376504e-009            
3.7594202e-006  -4.490352e-009            
3.7794171e-006  -5.3083744e-009            
3.799414e-006  -6.1124062e-009            
3.8194109e-006  -6.8725213e-009            
3.8394079e-006  -7.8865755e-009            
3.8594048e-006  -9.5538969e-009            
3.8794017e-006  -1.0195973e-008            
3.8993986e-006  -1.016004e-008            
3.9193955e-006  -1.0485931e-008            
3.9393924e-006  -1.0587597e-008            
3.9593894e-006  -1.1149705e-008            
3.9793863e-006  -1.0879293e-008            
3.9993832e-006  -9.1372639e-009            
4.0193801e-006  -6.0987003e-009            
4.039377e-006  -2.7398923e-009            
4.0593739e-006  -5.1078695e-010            
4.0793709e-006  1.2879149e-009            
4.0993678e-006  3.1174411e-009            
4.1193647e-006  4.6063566e-009            
4.1393616e-006  5.4063519e-009            
4.1593585e-006  6.2676808e-009            
4.1793554e-006  7.2097959e-009            
4.1993524e-006  7.3316353e-009            
4.2193493e-006  7.069752e-009            
4.2393462e-006  6.9288057e-009            
4.2593431e-006  6.6406978e-009            
4.27934e-006  6.113372e-009            
4.2993369e-006  5.6487294e-009            
4.3193338e-006  6.9396729e-009            
4.3393308e-006  9.0223887e-009            
4.3593277e-006  9.2468967e-009            
4.3793246e-006  8.631057e-009            
4.3993215e-006  8.0404216e-009            
4.4193184e-006  7.4265772e-009            
4.4393153e-006  7.0046112e-009            
4.4593123e-006  6.473663e-009            
4.4793092e-006  3.6690018e-009            
4.4993061e-006  -4.6676217e-009            
4.519303e-006  -1.7388474e-008            
4.5392999e-006  -3.1684453e-008            
4.5592968e-006  -4.9344233e-008            
4.5792938e-006  -7.0649158e-008            
4.5992907e-006  -8.3249415e-008            
4.6192876e-006  -8.3287335e-008            
4.6392845e-006  -8.3386927e-008            
4.6592814e-006  -8.3517451e-008            
4.6792783e-006  -8.35498e-008            
4.6992752e-006  -8.3548958e-008            
4.7192722e-006  -8.3543486e-008            
4.7392691e-006  -8.3282038e-008            
4.759266e-006  -8.2990776e-008            
4.7792629e-006  -8.3105665e-008            
4.7992598e-006  -8.3167901e-008            
4.8192567e-006  -8.3155177e-008            
4.8392537e-006  -8.3077094e-008            
4.8592506e-006  -8.299896e-008            
4.8792475e-006  -8.3013266e-008            
4.8992444e-006  -8.3032667e-008            
4.9192413e-006  -8.3018284e-008            
4.9392382e-006  -8.3000467e-008            
4.9592352e-006  -8.2909864e-008            
4.9792321e-006  -8.276317e-008            
4.999229e-006  -8.2648146e-008            
5.0192259e-006  -8.2643775e-008            
5.0392228e-006  -8.2714537e-008            
5.0592197e-006  -8.2724113e-008            
5.0792167e-006  -8.2759153e-008            
5.0992136e-006  -8.2750885e-008            
5.1192105e-006  -8.2840442e-008            
5.1392074e-006  -8.2758063e-008            
5.1592043e-006  -8.2579482e-008            
5.1792012e-006  -8.2364176e-008            
5.1991981e-006  -8.229754e-008            
5.2191951e-006  -8.2349241e-008            
5.239192e-006  -8.2465858e-008            
5.2591889e-006  -8.2547281e-008            
5.2791858e-006  -8.2701491e-008            
5.2991827e-006  -8.2676579e-008            
5.3191796e-006  -8.2700532e-008            
5.3391766e-006  -8.2704104e-008            
5.3591735e-006  -8.2762031e-008            
5.3791704e-006  -8.286631e-008            
5.3991673e-006  -8.3181404e-008            
5.4191642e-006  -8.3350473e-008            
5.4391611e-006  -8.3344812e-008            
5.4591581e-006  -8.3445833e-008            
5.479155e-006  -8.3744313e-008            
5.4991519e-006  -8.3761217e-008            
5.5191488e-006  -8.3507643e-008            
5.5391457e-006  -8.3310498e-008            
5.5591426e-006  -8.3227163e-008            
5.5791396e-006  -8.3193019e-008            
5.5991365e-006  -8.3182908e-008            
5.6191334e-006  -8.2898125e-008            
5.6391303e-006  -8.2531678e-008            
5.6591272e-006  -8.2406411e-008            
5.6791241e-006  -8.2514572e-008            
5.699121e-006  -8.2633143e-008            
5.719118e-006  -8.2784124e-008            
5.7391149e-006  -8.275202e-008            
5.7591118e-006  -8.2579627e-008            
5.7791087e-006  -8.2454867e-008            
5.7991056e-006  -8.2264097e-008            
5.8191025e-006  -8.2231541e-008            
5.8390995e-006  -8.2492091e-008            
5.8590964e-006  -8.2439777e-008            
5.8790933e-006  -8.2151112e-008            
5.8990902e-006  -8.1862643e-008            
5.9190871e-006  -8.1498333e-008            
5.939084e-006  -8.1167342e-008            
5.959081e-006  -8.1229638e-008            
5.9790779e-006  -8.1293531e-008            
5.9990748e-006  -8.1357626e-008            
6.0190717e-006  -8.1366344e-008            
6.0390686e-006  -8.1378618e-008            
6.0590655e-006  -8.1334194e-008            
6.0790625e-006  -8.1140384e-008            
6.0990594e-006  -8.0897558e-008            
6.1190563e-006  -8.0803078e-008            
6.1390532e-006  -8.0983559e-008            
6.1590501e-006  -8.1234908e-008            
6.179047e-006  -8.1215647e-008            
6.1990439e-006  -8.0994916e-008            
6.2190409e-006  -8.0499238e-008            
6.2390378e-006  -8.0282737e-008            
6.2590347e-006  -8.0215243e-008            
6.2790316e-006  -8.0165194e-008            
6.2990285e-006  -7.9867343e-008            
6.3190254e-006  -7.9689813e-008            
6.3390224e-006  -7.9846326e-008            
6.3590193e-006  -8.0050914e-008            
6.3790162e-006  -8.003496e-008            
6.3990131e-006  -7.9959154e-008            
6.41901e-006  -7.9934267e-008            
6.4390069e-006  -7.9869395e-008            
6.4590039e-006  -7.9744269e-008            
6.4790008e-006  -7.9565262e-008            
6.4989977e-006  -7.9497052e-008            
6.5189946e-006  -7.9411004e-008            
6.5389915e-006  -7.9198086e-008            
6.5589884e-006  -7.8998553e-008            
6.5789853e-006  -7.9106729e-008            
6.5989823e-006  -7.934891e-008            
6.6189792e-006  -7.9522312e-008            
6.6389761e-006  -7.9317243e-008            
6.658973e-006  -7.9123137e-008            
6.6789699e-006  -7.8964072e-008            
6.6989668e-006  -7.917286e-008            
6.7189638e-006  -7.9303799e-008            
6.7389607e-006  -7.9402359e-008            
6.7589576e-006  -7.957277e-008            
6.7789545e-006  -7.9513761e-008            
6.7989514e-006  -7.9376467e-008            
6.8189483e-006  -7.9192737e-008            
6.8389453e-006  -7.933946e-008            
6.8589422e-006  -7.9629085e-008            
6.8789391e-006  -7.9784865e-008            
6.898936e-006  -7.9774402e-008            
6.9189329e-006  -7.9768401e-008            
6.9389298e-006  -7.9938924e-008            
6.9589268e-006  -8.0267637e-008            
6.9789237e-006  -8.0207298e-008            
6.9989206e-006  -8.0166728e-008            
7.0189175e-006  -8.0274915e-008            
7.0389144e-006  -8.0224209e-008            
7.0589113e-006  -8.0029719e-008            
7.0789082e-006  -7.968641e-008            
7.0989052e-006  -7.9453558e-008            
7.1189021e-006  -7.9520472e-008            
7.138899e-006  -7.9573816e-008            
7.1588959e-006  -7.9721003e-008            
7.1788928e-006  -7.9896823e-008            
7.1988897e-006  -7.9763035e-008            
7.2188867e-006  -7.9495943e-008            
7.2388836e-006  -7.9696084e-008            
7.2588805e-006  -7.9995629e-008            
7.2788774e-006  -8.0318308e-008            
7.2988743e-006  -8.0489814e-008            
7.3188712e-006  -8.0620198e-008            
7.3388682e-006  -8.0785633e-008            
7.3588651e-006  -8.0849851e-008            
7.378862e-006  -8.0869716e-008            
7.3988589e-006  -8.0990559e-008            
7.4188558e-006  -8.0900936e-008            
7.4388527e-006  -8.0741787e-008            
7.4588497e-006  -8.0769771e-008            
7.4788466e-006  -8.0731512e-008            
7.4988435e-006  -8.0608687e-008            
7.5188404e-006  -8.0742721e-008            
7.5388373e-006  -8.0877234e-008            
7.5588342e-006  -8.1030654e-008            
7.5788311e-006  -8.1024255e-008            
7.5988281e-006  -8.1225183e-008            
7.618825e-006  -8.1584865e-008            
7.6388219e-006  -8.180026e-008            
7.6588188e-006  -8.1860451e-008            
7.6788157e-006  -8.2035932e-008            
7.6988126e-006  -8.1982312e-008            
7.7188096e-006  -8.2131133e-008            
7.7388065e-006  -8.2201022e-008            
7.7588034e-006  -8.2286662e-008            
7.7788003e-006  -8.2371407e-008            
7.7987972e-006  -8.2548401e-008            
7.8187941e-006  -8.2769756e-008            
7.8387911e-006  -8.2803262e-008            
7.858788e-006  -8.2914675e-008            
7.8787849e-006  -8.2773152e-008            
7.8987818e-006  -8.3078912e-008            
7.9187787e-006  -8.3288298e-008            
7.9387756e-006  -8.3332848e-008            
7.9587726e-006  -8.3014035e-008            
7.9787695e-006  -8.2831493e-008            
7.9987664e-006  -8.2790053e-008            
8.0187633e-006  -8.2580084e-008            
8.0387602e-006  -8.1920734e-008            
8.0587571e-006  -8.0354726e-008            
8.078754e-006  -7.4635e-008            
8.098751e-006  -5.439441e-008            
8.1187479e-006  -1.89052e-008            
8.1387448e-006  -5.3331858e-010            
8.1587417e-006  8.0403453e-009            
8.1787386e-006  8.5438447e-009            
8.1987355e-006  8.5434315e-009            
8.2187325e-006  8.6455652e-009            
8.2387294e-006  8.9622274e-009            
8.2587263e-006  9.2335152e-009            
8.2787232e-006  9.0295062e-009            
8.2987201e-006  8.6986525e-009            
8.318717e-006  7.6200741e-009            
8.338714e-006  3.6666265e-009            
8.3587109e-006  -5.9140967e-009            
8.3787078e-006  -1.5968841e-008            
8.3987047e-006  -2.0208125e-008            
8.4187016e-006  -1.7201875e-008            
8.4386985e-006  -1.5366611e-008            
8.4586954e-006  -1.3332355e-008            
8.4786924e-006  -1.1411597e-008            
8.4986893e-006  -8.9539847e-009            
8.5186862e-006  -7.6243477e-009            
8.5386831e-006  -7.1553359e-009            
8.55868e-006  -6.8642181e-009            
8.5786769e-006  -7.1377084e-009            
8.5986739e-006  -7.5513483e-009            
8.6186708e-006  -8.1617085e-009            
8.6386677e-006  -9.2481301e-009            
8.6586646e-006  -1.0448046e-008            
8.6786615e-006  -1.0486251e-008            
8.6986584e-006  -1.1001796e-008            
8.7186554e-006  -1.1380695e-008            
8.7386523e-006  -1.1242279e-008            
8.7586492e-006  -1.1385943e-008            
8.7786461e-006  -1.153457e-008            
8.798643e-006  -1.0800763e-008            
8.8186399e-006  -9.2623381e-009            
8.8386369e-006  -8.3177773e-009            
8.8586338e-006  -7.660455e-009            
8.8786307e-006  -6.779473e-009            
8.8986276e-006  -6.3689541e-009            
8.9186245e-006  -6.1877203e-009            
8.9386214e-006  -6.6348692e-009            
8.9586183e-006  -7.0548546e-009            
8.9786153e-006  -7.1190826e-009            
8.9986122e-006  -7.6964074e-009            
9.0186091e-006  -8.6720748e-009            
9.038606e-006  -8.6089588e-009            
9.0586029e-006  -7.9653601e-009            
9.0785998e-006  -8.3775077e-009            
9.0985968e-006  -8.4544461e-009            
9.1185937e-006  -9.1630355e-009            
9.1385906e-006  -9.4482074e-009            
9.1585875e-006  -9.5814177e-009            
9.1785844e-006  -1.0157499e-008            
9.1985813e-006  -1.1385895e-008            
9.2185783e-006  -1.3406296e-008            
9.2385752e-006  -1.4777263e-008            
9.2585721e-006  -1.4657448e-008            
9.278569e-006  -1.5411173e-008            
9.2985659e-006  -1.646842e-008            
9.3185628e-006  -1.3864669e-008            
9.3385598e-006  -1.2988882e-008            
9.3585567e-006  -1.3059109e-008            
9.3785536e-006  -1.3670638e-008            
9.3985505e-006  -1.3982865e-008            
9.4185474e-006  -1.344943e-008            
9.4385443e-006  -1.1520215e-008            
9.4585412e-006  -9.5024147e-009            
9.4785382e-006  -9.4589306e-009            
9.4985351e-006  -1.0184617e-008            
9.518532e-006  -1.0961563e-008            
9.5385289e-006  -1.1348664e-008            
9.5585258e-006  -1.0816695e-008            
9.5785227e-006  -7.1300812e-009            
9.5985197e-006  -1.9378695e-009            
9.6185166e-006  -1.219112e-009            
9.6385135e-006  -2.8174137e-009            
9.6585104e-006  -4.1804015e-009            
9.6785073e-006  -6.0279866e-009            
9.6985042e-006  -9.6777857e-009            
9.7185012e-006  -9.8390172e-009            
9.7384981e-006  -9.4996191e-009            
9.758495e-006  -8.7653137e-009            
9.7784919e-006  -6.3639318e-009            
9.7984888e-006  -5.9720621e-009            
9.8184857e-006  -7.3601695e-009            
9.8384827e-006  -8.9006093e-009            
9.8584796e-006  -9.5050836e-009            
9.8784765e-006  -9.4873035e-009            
9.8984734e-006  -9.3156087e-009            
9.9184703e-006  -9.6144254e-009            
9.9384672e-006  -1.0647754e-008            
9.9584641e-006  -1.1585104e-008            
9.9784611e-006  -1.347865e-008            
9.998458e-006  -1.2362036e-008            
1.0018455e-005  -8.1853399e-009            
1.0038452e-005  -5.2542074e-009            
1.0058449e-005  -3.5644499e-009            
1.0078446e-005  -2.9360385e-009            
1.0098443e-005  -2.4976688e-009            
1.0118439e-005  -2.3395411e-009            
1.0138436e-005  -2.5624698e-009            
1.0158433e-005  -2.5147378e-009            
1.017843e-005  -2.7453376e-009            
1.0198427e-005  -3.3675759e-009            
1.0218424e-005  -3.462489e-009            
1.0238421e-005  -2.9170249e-009            
1.0258418e-005  -2.6771214e-009            
1.0278415e-005  -2.6126768e-009            
1.0298412e-005  -3.0724368e-009            
1.0318409e-005  -3.945134e-009            
1.0338406e-005  -6.0032633e-009            
1.0358402e-005  -6.3704734e-009            
1.0378399e-005  -6.0148575e-009            
1.0398396e-005  -5.9169533e-009            
1.0418393e-005  -6.6443602e-009            
1.043839e-005  -7.5391919e-009            
1.0458387e-005  -8.5914733e-009            
1.0478384e-005  -8.7825596e-009            
1.0498381e-005  -9.293314e-009            
1.0518378e-005  -1.0432521e-008            
1.0538375e-005  -1.1086002e-008            
1.0558372e-005  -1.202332e-008            
1.0578369e-005  -1.2668011e-008            
1.0598365e-005  -1.2415272e-008            
1.0618362e-005  -1.0926244e-008            
1.0638359e-005  -1.0279152e-008            
1.0658356e-005  -1.0083403e-008            
1.0678353e-005  -9.6500618e-009            
1.069835e-005  -1.0026181e-008            
1.0718347e-005  -1.1923306e-008            
1.0738344e-005  -1.429587e-008            
1.0758341e-005  -1.418038e-008            
1.0778338e-005  -1.2111715e-008            
1.0798335e-005  -1.0759047e-008            
1.0818332e-005  -9.8270888e-009            
1.0838328e-005  -9.019043e-009            
1.0858325e-005  -8.3270217e-009            
1.0878322e-005  -8.0908384e-009            
1.0898319e-005  -7.7059452e-009            
1.0918316e-005  -6.9286292e-009            
1.0938313e-005  -6.1988454e-009            
1.095831e-005  -6.3140388e-009            
1.0978307e-005  -6.7314364e-009            
1.0998304e-005  -7.2068332e-009            
1.1018301e-005  -7.2310828e-009            
1.1038298e-005  -7.2137276e-009            
1.1058295e-005  -7.8603732e-009            
1.1078291e-005  -7.8934993e-009            
1.1098288e-005  -5.8357096e-009            
1.1118285e-005  -3.3910455e-009            
1.1138282e-005  -3.664946e-009            
1.1158279e-005  -4.1239185e-009            
1.1178276e-005  -3.7578531e-009            
1.1198273e-005  -2.9578189e-009            
1.121827e-005  -2.6569652e-009            
1.1238267e-005  -2.4749944e-009            
1.1258264e-005  -2.253441e-009            
1.1278261e-005  -2.716374e-009            
1.1298258e-005  -3.2858913e-009            
1.1318254e-005  -3.1992764e-009            
1.1338251e-005  -4.096548e-009            
1.1358248e-005  -6.1946793e-009            
1.1378245e-005  -8.7375759e-009            
1.1398242e-005  -1.2725135e-008            
1.1418239e-005  -1.7847055e-008            
1.1438236e-005  -1.862261e-008            
1.1458233e-005  -1.666652e-008            
1.147823e-005  -1.5656742e-008            
1.1498227e-005  -1.4132463e-008            
1.1518224e-005  -1.2781827e-008            
1.1538221e-005  -1.0130292e-008            
1.1558217e-005  -7.9979407e-010            
1.1578214e-005  5.2093836e-009            
1.1598211e-005  6.3387876e-009            
1.1618208e-005  6.2821621e-009            
1.1638205e-005  5.9197584e-009            
1.1658202e-005  5.6149776e-009            
1.1678199e-005  5.343382e-009            
1.1698196e-005  5.0425698e-009            
1.1718193e-005  4.5219887e-009            
1.173819e-005  1.9920932e-009            
1.1758187e-005  -5.8637177e-009            
1.1778183e-005  -1.8874528e-008            
1.179818e-005  -3.3444126e-008            
1.1818177e-005  -5.3118057e-008            
1.1838174e-005  -8.0883325e-008            
1.1858171e-005  -8.6763572e-008            
1.1878168e-005  -8.7313203e-008            
1.1898165e-005  -8.7277469e-008            
1.1918162e-005  -8.7196559e-008            
1.1938159e-005  -8.7019726e-008            
1.1958156e-005  -8.6799452e-008            
1.1978153e-005  -8.6985857e-008            
1.199815e-005  -8.7312273e-008            
1.2018146e-005  -8.7328597e-008            
1.2038143e-005  -8.720419e-008            
1.205814e-005  -8.7109276e-008            
1.2078137e-005  -8.6990939e-008            
1.2098134e-005  -8.6845287e-008            
1.2118131e-005  -8.684624e-008            
1.2138128e-005  -8.6978067e-008            
1.2158125e-005  -8.6610587e-008            
1.2178122e-005  -8.625578e-008            
1.2198119e-005  -8.6121494e-008            
1.2218116e-005  -8.6310184e-008            
1.2238113e-005  -8.6685607e-008            
1.2258109e-005  -8.6652723e-008            
1.2278106e-005  -8.6602909e-008            
1.2298103e-005  -8.6641113e-008            
1.23181e-005  -8.678096e-008            
1.2338097e-005  -8.6757955e-008            
1.2358094e-005  -8.6739007e-008            
1.2378091e-005  -8.6632752e-008            
1.2398088e-005  -8.6602539e-008            
1.2418085e-005  -8.6454935e-008            
1.2438082e-005  -8.6242086e-008            
1.2458079e-005  -8.6153566e-008            
1.2478076e-005  -8.6200328e-008            
1.2498072e-005  -8.6282061e-008            
1.2518069e-005  -8.6227512e-008            
1.2538066e-005  -8.5987368e-008            
1.2558063e-005  -8.6017547e-008            
1.257806e-005  -8.6225982e-008            
1.2598057e-005  -8.6376301e-008            
1.2618054e-005  -8.6335312e-008            
1.2638051e-005  -8.597026e-008            
1.2658048e-005  -8.5712814e-008            
1.2678045e-005  -8.5876793e-008            
1.2698042e-005  -8.6245002e-008            
1.2718039e-005  -8.6082551e-008            
1.2738035e-005  -8.5954948e-008            
1.2758032e-005  -8.5829898e-008            
1.2778029e-005  -8.5651366e-008            
1.2798026e-005  -8.5358782e-008            
1.2818023e-005  -8.5321847e-008            
1.283802e-005  -8.5071869e-008            
1.2858017e-005  -8.4942912e-008            
1.2878014e-005  -8.4905018e-008            
1.2898011e-005  -8.5010468e-008            
1.2918008e-005  -8.5172544e-008            
1.2938005e-005  -8.5037278e-008            
1.2958002e-005  -8.4810629e-008            
1.2977998e-005  -8.4769602e-008            
1.2997995e-005  -8.4646328e-008            
1.3017992e-005  -8.4460534e-008            
1.3037989e-005  -8.4369644e-008            
1.3057986e-005  -8.4155357e-008            
1.3077983e-005  -8.4143965e-008            
1.309798e-005  -8.4083628e-008            
1.3117977e-005  -8.3763346e-008            
1.3137974e-005  -8.355246e-008            
1.3157971e-005  -8.3635885e-008            
1.3177968e-005  -8.3743791e-008            
1.3197965e-005  -8.3774546e-008            
1.3217961e-005  -8.3900284e-008            
1.3237958e-005  -8.3862348e-008            
1.3257955e-005  -8.352345e-008            
1.3277952e-005  -8.3443109e-008            
1.3297949e-005  -8.3414882e-008            
1.3317946e-005  -8.3356858e-008            
1.3337943e-005  -8.3318174e-008            
1.335794e-005  -8.3250748e-008            
1.3377937e-005  -8.3335482e-008            
1.3397934e-005  -8.3318823e-008            
1.3417931e-005  -8.3063359e-008            
1.3437928e-005  -8.2754332e-008            
1.3457924e-005  -8.2701068e-008            
1.3477921e-005  -8.2612639e-008            
1.3497918e-005  -8.2574492e-008            
1.3517915e-005  -8.2525239e-008            
1.3537912e-005  -8.2718397e-008            
1.3557909e-005  -8.2745438e-008            
1.3577906e-005  -8.2607628e-008            
1.3597903e-005  -8.2410032e-008            
1.36179e-005  -8.208429e-008            
1.3637897e-005  -8.159401e-008            
1.3657894e-005  -8.1636717e-008            
1.3677891e-005  -8.1967394e-008            
1.3697887e-005  -8.232785e-008            
1.3717884e-005  -8.214323e-008            
1.3737881e-005  -8.2086784e-008            
1.3757878e-005  -8.2066486e-008            
1.3777875e-005  -8.2138628e-008            
1.3797872e-005  -8.1960415e-008            
1.3817869e-005  -8.1581514e-008            
1.3837866e-005  -8.1708254e-008            
1.3857863e-005  -8.1969929e-008            
1.387786e-005  -8.2055884e-008            
1.3897857e-005  -8.2330116e-008            
1.3917854e-005  -8.2531586e-008            
1.393785e-005  -8.2568106e-008            
1.3957847e-005  -8.2589831e-008            
1.3977844e-005  -8.2542924e-008            
1.3997841e-005  -8.2717689e-008            
1.4017838e-005  -8.2833056e-008            
1.4037835e-005  -8.2699037e-008            
1.4057832e-005  -8.2599107e-008            
1.4077829e-005  -8.2617096e-008            
1.4097826e-005  -8.2546417e-008            
1.4117823e-005  -8.2456238e-008            
1.413782e-005  -8.2489047e-008            
1.4157816e-005  -8.2592982e-008            
1.4177813e-005  -8.2520374e-008            
1.419781e-005  -8.2451739e-008            
1.4217807e-005  -8.2351871e-008            
1.4237804e-005  -8.2454657e-008            
1.4257801e-005  -8.268046e-008            
1.4277798e-005  -8.2727452e-008            
1.4297795e-005  -8.2823382e-008            
1.4317792e-005  -8.2906249e-008            
1.4337789e-005  -8.3154132e-008            
1.4357786e-005  -8.3315967e-008            
1.4377783e-005  -8.3456231e-008            
1.4397779e-005  -8.3651763e-008            
1.4417776e-005  -8.3612468e-008            
1.4437773e-005  -8.3286391e-008            
1.445777e-005  -8.2888359e-008            
1.4477767e-005  -8.2820377e-008            
1.4497764e-005  -8.2968715e-008            
1.4517761e-005  -8.313042e-008            
1.4537758e-005  -8.3140345e-008            
1.4557755e-005  -8.3383431e-008            
1.4577752e-005  -8.3654253e-008            
1.4597749e-005  -8.3667306e-008            
1.4617746e-005  -8.3631285e-008            
1.4637742e-005  -8.3752257e-008            
1.4657739e-005  -8.3911158e-008            
1.4677736e-005  -8.3852195e-008            
1.4697733e-005  -8.3878546e-008            
1.471773e-005  -8.4094405e-008            
1.4737727e-005  -8.4302455e-008            
1.4757724e-005  -8.4486503e-008            
1.4777721e-005  -8.4480527e-008            
1.4797718e-005  -8.4516211e-008            
1.4817715e-005  -8.4573858e-008            
1.4837712e-005  -8.4689149e-008            
1.4857709e-005  -8.4778467e-008            
1.4877705e-005  -8.4887483e-008            
1.4897702e-005  -8.4967809e-008            
1.4917699e-005  -8.5034597e-008            
1.4937696e-005  -8.5163002e-008            
1.4957693e-005  -8.5282157e-008            
1.497769e-005  -8.5478117e-008            
1.4997687e-005  -8.5792608e-008            
1.5017684e-005  -8.5800252e-008            
1.5037681e-005  -8.5815432e-008            
1.5057678e-005  -8.5967021e-008            
1.5077675e-005  -8.6077465e-008            
1.5097672e-005  -8.6129185e-008            
1.5117668e-005  -8.6250435e-008            
1.5137665e-005  -8.6300218e-008            
1.5157662e-005  -8.6232699e-008            
1.5177659e-005  -8.6317818e-008            
1.5197656e-005  -8.6734342e-008            
1.5217653e-005  -8.7158303e-008            
1.523765e-005  -8.7415669e-008            
1.5257647e-005  -8.7558797e-008            
1.5277644e-005  -8.7619838e-008            
1.5297641e-005  -8.7509566e-008            
1.5317638e-005  -8.695725e-008            
1.5337635e-005  -8.4809743e-008            
1.5357631e-005  -7.6757103e-008            
1.5377628e-005  -4.810259e-008            
1.5397625e-005  -1.7896765e-008            
1.5417622e-005  -3.2233449e-010            
1.5437619e-005  6.1368421e-009            
1.5457616e-005  6.4861083e-009            
1.5477613e-005  6.0957347e-009            
1.549761e-005  5.9483544e-009            
1.5517607e-005  5.9620631e-009            
1.5537604e-005  5.8579872e-009            
1.5557601e-005  5.5482601e-009            
1.5577598e-005  4.2859051e-009            
1.5597594e-005  4.3645263e-010            
1.5617591e-005  -6.251136e-009            
1.5637588e-005  -9.3013751e-009            
1.5657585e-005  -8.2591268e-009            
1.5677582e-005  -6.6161227e-009            
1.5697579e-005  -5.2324389e-009            
1.5717576e-005  -4.6083077e-009            
1.5737573e-005  -4.797912e-009            
1.575757e-005  -5.1833865e-009            
1.5777567e-005  -5.2745849e-009            
1.5797564e-005  -4.9256633e-009            
1.5817561e-005  -4.3980558e-009            
1.5837557e-005  -4.0258807e-009            
1.5857554e-005  -3.6138548e-009            
1.5877551e-005  -3.0500239e-009            
1.5897548e-005  -2.7400979e-009            
1.5917545e-005  -2.6663271e-009            
1.5937542e-005  -2.4485459e-009            
1.5957539e-005  -2.1889762e-009            
1.5977536e-005  -2.7795518e-009            
1.5997533e-005  -3.8590901e-009            
1.601753e-005  -4.7196298e-009            
1.6037527e-005  -5.6538479e-009            
1.6057524e-005  -6.7841568e-009            
1.607752e-005  -8.1443814e-009            
1.6097517e-005  -1.0276358e-008            
1.6117514e-005  -1.2175323e-008            
1.6137511e-005  -1.297602e-008            
1.6157508e-005  -1.3881969e-008            
1.6177505e-005  -1.6134677e-008            
1.6197502e-005  -1.8184411e-008            
1.6217499e-005  -1.8812719e-008            
1.6237496e-005  -1.8644648e-008            
1.6257493e-005  -1.8050031e-008            
1.627749e-005  -1.7128445e-008            
1.6297487e-005  -1.6897798e-008            
1.6317483e-005  -1.7628725e-008            
1.633748e-005  -1.7632932e-008            
1.6357477e-005  -1.4960004e-008            
1.6377474e-005  -1.2180227e-008            
1.6397471e-005  -1.0989822e-008            
1.6417468e-005  -1.0395476e-008            
1.6437465e-005  -9.9231014e-009            
1.6457462e-005  -9.5591512e-009            
1.6477459e-005  -9.6999913e-009            
1.6497456e-005  -9.9357513e-009            
1.6517453e-005  -9.6868839e-009            
1.6537449e-005  -9.5319383e-009            
1.6557446e-005  -1.0138654e-008            
1.6577443e-005  -1.1218659e-008            
1.659744e-005  -1.2987582e-008            
1.6617437e-005  -1.3511378e-008            
1.6637434e-005  -1.144491e-008            
1.6657431e-005  -1.0225288e-008            
1.6677428e-005  -9.4279084e-009            
1.6697425e-005  -7.7164814e-009            
1.6717422e-005  -7.0751905e-009            
1.6737419e-005  -7.6401019e-009            
1.6757416e-005  -7.8329211e-009            
1.6777412e-005  -7.4890312e-009            
1.6797409e-005  -7.1271444e-009            
1.6817406e-005  -6.8749285e-009            
1.6837403e-005  -6.6889001e-009            
1.68574e-005  -6.671579e-009            
1.6877397e-005  -6.7723305e-009            
1.6897394e-005  -6.7921914e-009            
1.6917391e-005  -6.7769611e-009            
1.6937388e-005  -6.730021e-009            
1.6957385e-005  -6.6749824e-009            
1.6977382e-005  -6.7011935e-009            
1.6997379e-005  -6.9099651e-009            
1.7017375e-005  -7.1748631e-009            
1.7037372e-005  -7.2026816e-009            
1.7057369e-005  -7.1550545e-009            
1.7077366e-005  -7.3212398e-009            
1.7097363e-005  -7.5747015e-009            
1.711736e-005  -7.7611864e-009            
1.7137357e-005  -8.471618e-009            
1.7157354e-005  -1.0236611e-008            
1.7177351e-005  -1.0739277e-008            
1.7197348e-005  -9.3880045e-009            
1.7217345e-005  -8.7983377e-009            
1.7237342e-005  -8.8153073e-009            
1.7257338e-005  -8.6350482e-009            
1.7277335e-005  -8.4565274e-009            
1.7297332e-005  -8.404567e-009            
1.7317329e-005  -8.7471925e-009            
1.7337326e-005  -9.1981429e-009            
1.7357323e-005  -9.5345578e-009            
1.737732e-005  -9.7512418e-009            
1.7397317e-005  -1.0118912e-008            
1.7417314e-005  -1.0372574e-008            
1.7437311e-005  -1.0422509e-008            
1.7457308e-005  -1.0567129e-008            
1.7477305e-005  -1.0396228e-008            
1.7497301e-005  -1.0184962e-008            
1.7517298e-005  -1.0235799e-008            
1.7537295e-005  -1.0490865e-008            
1.7557292e-005  -1.1302013e-008            
1.7577289e-005  -1.0614219e-008            
1.7597286e-005  -8.0939982e-009            
1.7617283e-005  -7.2153564e-009            
1.763728e-005  -7.8541836e-009            
1.7657277e-005  -8.9400668e-009            
1.7677274e-005  -1.002431e-008            
1.7697271e-005  -1.09392e-008            
1.7717268e-005  -1.1687751e-008            
1.7737264e-005  -1.2275074e-008            
1.7757261e-005  -1.222989e-008            
1.7777258e-005  -1.1108715e-008            
1.7797255e-005  -9.5160772e-009            
1.7817252e-005  -9.0655711e-009            
1.7837249e-005  -9.6012797e-009            
1.7857246e-005  -1.1325798e-008            
1.7877243e-005  -1.3236444e-008            
1.789724e-005  -1.2957519e-008            
1.7917237e-005  -1.1763825e-008            
1.7937234e-005  -1.1837251e-008            
1.7957231e-005  -1.2579361e-008            
1.7977227e-005  -1.3226778e-008            
1.7997224e-005  -1.3427731e-008            
1.8017221e-005  -1.3211346e-008            
1.8037218e-005  -1.27239e-008            
1.8057215e-005  -1.187154e-008            
1.8077212e-005  -1.1235345e-008            
1.8097209e-005  -1.1398119e-008            
1.8117206e-005  -1.1811402e-008            
1.8137203e-005  -1.282955e-008            
1.81572e-005  -1.5284272e-008            
1.8177197e-005  -1.883217e-008            
1.8197194e-005  -2.1483791e-008            
1.821719e-005  -2.1253196e-008            
1.8237187e-005  -1.870852e-008            
1.8257184e-005  -1.6968871e-008            
1.8277181e-005  -1.5574276e-008            
1.8297178e-005  -1.4705247e-008            
1.8317175e-005  -1.4468974e-008            
1.8337172e-005  -1.4422497e-008            
1.8357169e-005  -1.4370084e-008            
1.8377166e-005  -1.4112363e-008            
1.8397163e-005  -1.4169853e-008            
1.841716e-005  -1.5754128e-008            
1.8437157e-005  -1.8102902e-008            
1.8457153e-005  -1.8898849e-008            
1.847715e-005  -1.9381932e-008            
1.8497147e-005  -2.0046235e-008            
1.8517144e-005  -1.8402455e-008            
1.8537141e-005  -1.3381986e-008            
1.8557138e-005  -9.0815071e-009            
1.8577135e-005  -6.5269951e-009            
1.8597132e-005  -3.9004908e-009            
1.8617129e-005  -2.2412356e-009            
1.8637126e-005  -2.2000221e-009            
1.8657123e-005  -2.9305765e-009            
1.867712e-005  -3.6232914e-009            
1.8697116e-005  -3.9265827e-009            
1.8717113e-005  -3.5186327e-009            
1.873711e-005  -3.034494e-009            
1.8757107e-005  -2.6080192e-009            
1.8777104e-005  -1.776594e-009            
1.8797101e-005  -3.7113966e-010            
1.8817098e-005  1.5695707e-009            
1.8837095e-005  2.7657142e-009            
1.8857092e-005  2.4207445e-009            
1.8877089e-005  1.9993009e-009            
1.8897086e-005  1.6102895e-009            
1.8917082e-005  1.3863018e-009            
1.8937079e-005  1.4327346e-009            
1.8957076e-005  7.3116465e-010            
1.8977073e-005  -2.9725765e-009            
1.899707e-005  -1.1659035e-008            
1.9017067e-005  -2.2720939e-008            
1.9037064e-005  -3.5461628e-008            
1.9057061e-005  -5.3271766e-008            
1.9077058e-005  -7.4483104e-008            
1.9097055e-005  -8.1309275e-008            
1.9117052e-005  -7.3006371e-008            
1.9137049e-005  -7.0905668e-008            
1.9157045e-005  -7.358884e-008            
1.9177042e-005  -7.7379664e-008            
1.9197039e-005  -8.2652319e-008            
1.9217036e-005  -8.6243117e-008            
1.9237033e-005  -8.7541048e-008            
1.925703e-005  -8.8427839e-008            
1.9277027e-005  -8.8686127e-008            
1.9297024e-005  -8.8832598e-008            
1.9317021e-005  -8.8835132e-008            
1.9337018e-005  -8.8584511e-008            
1.9357015e-005  -8.8408413e-008            
1.9377012e-005  -8.8357971e-008            
1.9397008e-005  -8.859257e-008            
1.9417005e-005  -8.8782828e-008            
1.9437002e-005  -8.8761887e-008            
1.9456999e-005  -8.8511223e-008            
1.9476996e-005  -8.8054676e-008            
1.9496993e-005  -8.7772533e-008            
1.951699e-005  -8.791986e-008            
1.9536987e-005  -8.820198e-008            
1.9556984e-005  -8.8159783e-008            
1.9576981e-005  -8.7915859e-008            
1.9596978e-005  -8.7657404e-008            
1.9616975e-005  -8.7534892e-008            
1.9636971e-005  -8.7524237e-008            
1.9656968e-005  -8.783707e-008            
1.9676965e-005  -8.7852388e-008            
1.9696962e-005  -8.7749356e-008            
1.9716959e-005  -8.7644318e-008            
1.9736956e-005  -8.7631312e-008            
1.9756953e-005  -8.7516413e-008            
1.977695e-005  -8.7245901e-008            
1.9796947e-005  -8.7169941e-008            
1.9816944e-005  -8.7511543e-008            
1.9836941e-005  -8.7610059e-008            
1.9856938e-005  -8.7408311e-008            
1.9876934e-005  -8.7266254e-008            
1.9896931e-005  -8.708641e-008            
1.9916928e-005  -8.7141258e-008            
1.9936925e-005  -8.722297e-008            
1.9956922e-005  -8.7241319e-008            
1.9976919e-005  -8.7321947e-008            
1.9996916e-005  -8.7292502e-008            
2.0016913e-005  -8.7282239e-008            
2.003691e-005  -8.7272865e-008            
2.0056907e-005  -8.7209654e-008            
2.0076904e-005  -8.7391266e-008            
2.0096901e-005  -8.7369484e-008            
2.0116897e-005  -8.7328859e-008            
2.0136894e-005  -8.7218934e-008            
2.0156891e-005  -8.7213904e-008            
2.0176888e-005  -8.7472286e-008            
2.0196885e-005  -8.7522102e-008            
2.0216882e-005  -8.767324e-008            
2.0236879e-005  -8.772691e-008            
2.0256876e-005  -8.7704447e-008            
2.0276873e-005  -8.7799693e-008            
2.029687e-005  -8.7755237e-008            
2.0316867e-005  -8.7727024e-008            
2.0336864e-005  -8.7520821e-008            
2.035686e-005  -8.7382063e-008            
2.0376857e-005  -8.7211891e-008            
2.0396854e-005  -8.688928e-008            
2.0416851e-005  -8.6802703e-008            
2.0436848e-005  -8.6835708e-008            
2.0456845e-005  -8.6722021e-008            
2.0476842e-005  -8.6583961e-008            
2.0496839e-005  -8.6424865e-008            
2.0516836e-005  -8.6391555e-008            
2.0536833e-005  -8.633851e-008            
2.055683e-005  -8.6295994e-008            
2.0576827e-005  -8.6263987e-008            
2.0596823e-005  -8.6207019e-008            
2.061682e-005  -8.6020853e-008            
2.0636817e-005  -8.5533023e-008            
2.0656814e-005  -8.4979705e-008            
2.0676811e-005  -8.4849653e-008            
2.0696808e-005  -8.5127427e-008            
2.0716805e-005  -8.5252372e-008            
2.0736802e-005  -8.5200683e-008            
2.0756799e-005  -8.5304804e-008            
2.0776796e-005  -8.5286525e-008            
2.0796793e-005  -8.502463e-008            
2.081679e-005  -8.4775345e-008            
2.0836786e-005  -8.4860592e-008            
2.0856783e-005  -8.4992961e-008            
2.087678e-005  -8.4875074e-008            
2.0896777e-005  -8.4610672e-008            
2.0916774e-005  -8.4520195e-008            
2.0936771e-005  -8.451119e-008            
2.0956768e-005  -8.4675423e-008            
2.0976765e-005  -8.4730285e-008            
2.0996762e-005  -8.4757854e-008            
2.1016759e-005  -8.4710157e-008            
2.1036756e-005  -8.4525542e-008            
2.1056753e-005  -8.442256e-008            
2.1076749e-005  -8.4146773e-008            
2.1096746e-005  -8.409709e-008            
2.1116743e-005  -8.3923761e-008            
2.113674e-005  -8.3943704e-008            
2.1156737e-005  -8.3853171e-008            
2.1176734e-005  -8.3782643e-008            
2.1196731e-005  -8.3801355e-008            
2.1216728e-005  -8.3709872e-008            
2.1236725e-005  -8.3900374e-008            
2.1256722e-005  -8.3990027e-008            
2.1276719e-005  -8.4022425e-008            
2.1296715e-005  -8.4296331e-008            
2.1316712e-005  -8.4411181e-008            
2.1336709e-005  -8.4397804e-008            
2.1356706e-005  -8.4651733e-008            
2.1376703e-005  -8.4608483e-008            
2.13967e-005  -8.4477161e-008            
2.1416697e-005  -8.4451885e-008            
2.1436694e-005  -8.4576294e-008            
2.1456691e-005  -8.4535184e-008            
2.1476688e-005  -8.4455445e-008            
2.1496685e-005  -8.4493288e-008            
2.1516682e-005  -8.4710835e-008            
2.1536678e-005  -8.4727285e-008            
2.1556675e-005  -8.4437314e-008            
2.1576672e-005  -8.4564111e-008            
2.1596669e-005  -8.4572646e-008            
2.1616666e-005  -8.4432813e-008            
2.1636663e-005  -8.4343821e-008            
2.165666e-005  -8.4377468e-008            
2.1676657e-005  -8.4439474e-008            
2.1696654e-005  -8.4482273e-008            
2.1716651e-005  -8.4404538e-008            
2.1736648e-005  -8.4429652e-008            
2.1756645e-005  -8.4313042e-008            
2.1776641e-005  -8.4132237e-008            
2.1796638e-005  -8.3858024e-008            
2.1816635e-005  -8.3941865e-008            
2.1836632e-005  -8.3881801e-008            
2.1856629e-005  -8.3840972e-008            
2.1876626e-005  -8.4016561e-008            
2.1896623e-005  -8.4154783e-008            
2.191662e-005  -8.4517223e-008            
2.1936617e-005  -8.5027236e-008            
2.1956614e-005  -8.5274947e-008            
2.1976611e-005  -8.5299916e-008            
2.1996608e-005  -8.5115242e-008            
2.2016604e-005  -8.4960803e-008            
2.2036601e-005  -8.4748406e-008            
2.2056598e-005  -8.4671413e-008            
2.2076595e-005  -8.4652797e-008            
2.2096592e-005  -8.4822942e-008            
2.2116589e-005  -8.4907267e-008            
2.2136586e-005  -8.4981102e-008            
2.2156583e-005  -8.5212074e-008            
2.217658e-005  -8.5153701e-008            
2.2196577e-005  -8.511447e-008            
2.2216574e-005  -8.5081611e-008            
2.2236571e-005  -8.5195793e-008            
2.2256567e-005  -8.5580071e-008            
2.2276564e-005  -8.6141216e-008            
2.2296561e-005  -8.643434e-008            
2.2316558e-005  -8.6548769e-008            
2.2336555e-005  -8.6665467e-008            
2.2356552e-005  -8.6528814e-008            
2.2376549e-005  -8.6366919e-008            
2.2396546e-005  -8.6165167e-008            
2.2416543e-005  -8.6121117e-008            
2.243654e-005  -8.6548816e-008            
2.2456537e-005  -8.7042206e-008            
2.2476534e-005  -8.7117712e-008            
2.249653e-005  -8.6909288e-008            
2.2516527e-005  -8.6770155e-008            
2.2536524e-005  -8.6569802e-008            
2.2556521e-005  -8.6249378e-008            
2.2576518e-005  -8.4576806e-008            
2.2596515e-005  -7.8506723e-008            
2.2616512e-005  -4.9831543e-008            
2.2636509e-005  -1.2507451e-008            
2.2656506e-005  3.0003791e-009            
2.2676503e-005  4.2396107e-009            
2.26965e-005  3.9309761e-009            
2.2716497e-005  3.8963776e-009            
2.2736493e-005  4.0410232e-009            
2.275649e-005  4.5737907e-009            
2.2776487e-005  4.7187531e-009            
2.2796484e-005  4.5014011e-009            
2.2816481e-005  2.9783948e-009            
2.2836478e-005  -2.651459e-009            
2.2856475e-005  -1.0923222e-008            
2.2876472e-005  -1.1209848e-008            
2.2896469e-005  -8.7163213e-009            
2.2916466e-005  -7.4131114e-009            
2.2936463e-005  -6.3720369e-009            
2.295646e-005  -5.6615205e-009            
2.2976456e-005  -6.2646438e-009            
2.2996453e-005  -7.4361659e-009            
2.301645e-005  -8.7709659e-009            
2.3036447e-005  -1.0637187e-008            
2.3056444e-005  -1.136256e-008            
2.3076441e-005  -1.0914396e-008            
2.3096438e-005  -1.0789522e-008            
2.3116435e-005  -1.0688097e-008            
2.3136432e-005  -1.1671245e-008            
2.3156429e-005  -1.2264708e-008            
2.3176426e-005  -1.2710424e-008            
2.3196423e-005  -1.4220928e-008            
2.3216419e-005  -1.6972573e-008            
2.3236416e-005  -1.6836234e-008            
2.3256413e-005  -1.3329071e-008            
2.327641e-005  -1.2912847e-008            
2.3296407e-005  -1.3662557e-008            
2.3316404e-005  -1.4581753e-008            
2.3336401e-005  -1.5162423e-008            
2.3356398e-005  -1.5863001e-008            
2.3376395e-005  -1.599129e-008            
2.3396392e-005  -1.5443259e-008            
2.3416389e-005  -1.4936548e-008            
2.3436386e-005  -1.4446502e-008            
2.3456382e-005  -1.3546863e-008            
2.3476379e-005  -1.1928536e-008            
2.3496376e-005  -1.0332643e-008            
2.3516373e-005  -1.1446159e-008            
2.353637e-005  -1.2249795e-008            
2.3556367e-005  -1.2513871e-008            
2.3576364e-005  -1.2618814e-008            
2.3596361e-005  -1.2710405e-008            
2.3616358e-005  -1.2519715e-008            
2.3636355e-005  -1.2536955e-008            
2.3656352e-005  -1.204465e-008            
2.3676348e-005  -9.9494287e-009            
2.3696345e-005  -9.8739573e-009            
2.3716342e-005  -9.2045972e-009            
2.3736339e-005  -8.3994607e-009            
2.3756336e-005  -8.7472778e-009            
2.3776333e-005  -9.5223178e-009            
2.379633e-005  -9.9521293e-009            
2.3816327e-005  -9.7249705e-009            
2.3836324e-005  -8.923066e-009            
2.3856321e-005  -8.4562812e-009            
2.3876318e-005  -8.3297395e-009            
2.3896315e-005  -8.6267257e-009            
2.3916311e-005  -8.6245179e-009            
2.3936308e-005  -8.6462147e-009            
2.3956305e-005  -8.6018118e-009            
2.3976302e-005  -8.9453892e-009            
2.3996299e-005  -9.0002628e-009            
2.4016296e-005  -9.2283546e-009            
2.4036293e-005  -9.1319919e-009            
2.405629e-005  -8.9679606e-009            
2.4076287e-005  -9.1162462e-009            
2.4096284e-005  -9.2624605e-009            
2.4116281e-005  -1.017138e-008            
2.4136278e-005  -1.2124076e-008            
2.4156274e-005  -1.3327023e-008            
2.4176271e-005  -1.3615093e-008            
2.4196268e-005  -1.2944179e-008            
2.4216265e-005  -1.3176588e-008            
2.4236262e-005  -1.4380567e-008            
2.4256259e-005  -1.4776792e-008            
2.4276256e-005  -1.5135478e-008            
2.4296253e-005  -1.4883416e-008            
2.431625e-005  -1.5032867e-008            
2.4336247e-005  -1.4993638e-008            
2.4356244e-005  -1.4458796e-008            
2.4376241e-005  -1.4196206e-008            
2.4396237e-005  -1.4873564e-008            
2.4416234e-005  -1.6937067e-008            
2.4436231e-005  -1.9561547e-008            
2.4456228e-005  -2.1115671e-008            
2.4476225e-005  -1.9875732e-008            
2.4496222e-005  -1.6927519e-008            
2.4516219e-005  -1.6143699e-008            
2.4536216e-005  -1.50416e-008            
2.4556213e-005  -1.3270982e-008            
2.457621e-005  -1.2655964e-008            
2.4596207e-005  -1.2915884e-008            
2.4616204e-005  -1.3265609e-008            
2.46362e-005  -1.3376463e-008            
2.4656197e-005  -1.2947489e-008            
2.4676194e-005  -1.234976e-008            
2.4696191e-005  -1.2516114e-008            
2.4716188e-005  -1.3084122e-008            
2.4736185e-005  -1.2670191e-008            
2.4756182e-005  -1.1410175e-008            
2.4776179e-005  -9.9888488e-009            
2.4796176e-005  -9.2764751e-009            
2.4816173e-005  -8.724581e-009            
2.483617e-005  -8.1553414e-009            
2.4856167e-005  -7.7639229e-009            
2.4876163e-005  -7.8281898e-009            
2.489616e-005  -8.3040579e-009            
2.4916157e-005  -8.0466504e-009            
2.4936154e-005  -6.9116785e-009            
2.4956151e-005  -4.7618556e-009            
2.4976148e-005  -3.8015687e-009            
2.4996145e-005  -4.1032865e-009            
2.5016142e-005  -4.4382227e-009            
2.5036139e-005  -4.16678e-009            
2.5056136e-005  -3.7305005e-009            
2.5076133e-005  -4.3896769e-009            
2.509613e-005  -6.8057389e-009            
2.5116126e-005  -1.0266495e-008            
2.5136123e-005  -1.4332116e-008            
2.515612e-005  -1.6420874e-008            
2.5176117e-005  -1.5411602e-008            
2.5196114e-005  -1.4854883e-008            
2.5216111e-005  -1.5549853e-008            
2.5236108e-005  -1.5923939e-008            
2.5256105e-005  -1.5060634e-008            
2.5276102e-005  -1.3427674e-008            
2.5296099e-005  -1.2033232e-008            
2.5316096e-005  -9.9624195e-009            
2.5336093e-005  -9.0151552e-009            
2.5356089e-005  -9.1977705e-009            
2.5376086e-005  -9.2466966e-009            
2.5396083e-005  -8.6749369e-009            
2.541608e-005  -8.372008e-009            
2.5436077e-005  -8.3372766e-009            
2.5456074e-005  -8.0867565e-009            
2.5476071e-005  -8.5062012e-009            
2.5496068e-005  -9.1886969e-009            
2.5516065e-005  -9.6973042e-009            
2.5536062e-005  -1.0021402e-008            
2.5556059e-005  -1.0002714e-008            
2.5576056e-005  -9.918717e-009            
2.5596052e-005  -9.3639054e-009            
2.5616049e-005  -8.0149539e-009            
2.5636046e-005  -7.1791509e-009            
2.5656043e-005  -6.7448465e-009            
2.567604e-005  -5.07188e-009            
2.5696037e-005  -4.3928141e-009            
2.5716034e-005  -4.7610992e-009            
2.5736031e-005  -5.0190428e-009            
2.5756028e-005  -5.3680522e-009            
2.5776025e-005  -5.1588496e-009            
2.5796022e-005  -3.9975753e-009            
2.5816019e-005  -2.2674265e-009            
2.5836015e-005  -1.2150152e-009            
2.5856012e-005  -1.5803294e-009            
2.5876009e-005  -2.2802615e-009            
2.5896006e-005  -2.8599189e-009            
2.5916003e-005  -2.971793e-009            
2.5936e-005  -2.9201639e-009            
2.5955997e-005  -2.5621173e-009            
2.5975994e-005  -2.1559077e-009            
2.5995991e-005  -1.5440616e-009            
2.6015988e-005  -1.0309443e-009            
2.6035985e-005  -1.0144406e-009            
2.6055981e-005  -1.6413526e-009            
2.6075978e-005  1.2812713e-010            
2.6095975e-005  1.119257e-009            
2.6115972e-005  7.8225027e-010            
2.6135969e-005  7.9888019e-011            
2.6155966e-005  -6.2711097e-010            
2.6175963e-005  -1.0461189e-009            
2.619596e-005  -1.4002348e-009            
2.6215957e-005  -2.3612423e-009            
2.6235954e-005  -5.0750749e-009            
2.6255951e-005  -1.1756202e-008            
2.6275948e-005  -2.1585138e-008            
2.6295944e-005  -3.3519888e-008            
2.6315941e-005  -4.8334244e-008            
2.6335938e-005  -7.0626244e-008            
2.6355935e-005  -8.6621093e-008            
2.6375932e-005  -8.991337e-008            
2.6395929e-005  -8.9857662e-008            
2.6415926e-005  -8.9798187e-008            
2.6435923e-005  -8.9844868e-008            
2.645592e-005  -8.9911055e-008            
2.6475917e-005  -8.974113e-008            
2.6495914e-005  -8.9837152e-008            
2.6515911e-005  -8.9960661e-008            
2.6535907e-005  -8.9783622e-008            
2.6555904e-005  -8.9516142e-008            
2.6575901e-005  -8.9319592e-008            
2.6595898e-005  -8.9201061e-008            
2.6615895e-005  -8.9222632e-008            
2.6635892e-005  -8.9493354e-008            
2.6655889e-005  -8.968871e-008            
2.6675886e-005  -8.9609679e-008            
2.6695883e-005  -8.9619232e-008            
2.671588e-005  -8.9696528e-008            
2.6735877e-005  -8.9496231e-008            
2.6755874e-005  -8.9476289e-008            
2.677587e-005  -8.9422548e-008            
2.6795867e-005  -8.9337178e-008            
2.6815864e-005  -8.9432457e-008            
2.6835861e-005  -8.9562358e-008            
2.6855858e-005  -8.9756147e-008            
2.6875855e-005  -8.9687451e-008            
2.6895852e-005  -8.9657146e-008            
2.6915849e-005  -8.9591895e-008            
2.6935846e-005  -8.9515713e-008            
2.6955843e-005  -8.9565807e-008            
2.697584e-005  -8.9656095e-008            
2.6995837e-005  -8.9610845e-008            
2.7015833e-005  -8.960844e-008            
2.703583e-005  -8.9620205e-008            
2.7055827e-005  -8.9435427e-008            
2.7075824e-005  -8.9201113e-008            
2.7095821e-005  -8.9052465e-008            
2.7115818e-005  -8.8843602e-008            
2.7135815e-005  -8.8775049e-008            
2.7155812e-005  -8.8971786e-008            
2.7175809e-005  -8.9090097e-008            
2.7195806e-005  -8.9143014e-008            
2.7215803e-005  -8.8987063e-008            
2.72358e-005  -8.8858169e-008            
2.7255796e-005  -8.8790449e-008            
2.7275793e-005  -8.874056e-008            
2.729579e-005  -8.8564804e-008            
2.7315787e-005  -8.821554e-008            
2.7335784e-005  -8.7843225e-008            
2.7355781e-005  -8.7572297e-008            
2.7375778e-005  -8.7675264e-008            
2.7395775e-005  -8.7992036e-008            
2.7415772e-005  -8.8270916e-008            
2.7435769e-005  -8.8161282e-008            
2.7455766e-005  -8.7982825e-008            
2.7475763e-005  -8.7949596e-008            
2.7495759e-005  -8.8011994e-008            
2.7515756e-005  -8.8162017e-008            
2.7535753e-005  -8.8125879e-008            
2.755575e-005  -8.8035459e-008            
2.7575747e-005  -8.7988158e-008            
2.7595744e-005  -8.8014634e-008            
2.7615741e-005  -8.7889823e-008            
2.7635738e-005  -8.7501914e-008            
2.7655735e-005  -8.714413e-008            
2.7675732e-005  -8.6987427e-008            
2.7695729e-005  -8.7110498e-008            
2.7715726e-005  -8.7206471e-008            
2.7735722e-005  -8.7336533e-008            
2.7755719e-005  -8.7388426e-008            
2.7775716e-005  -8.7190284e-008            
2.7795713e-005  -8.7074986e-008            
2.781571e-005  -8.6840552e-008            
2.7835707e-005  -8.651683e-008            
2.7855704e-005  -8.6379218e-008            
2.7875701e-005  -8.6450306e-008            
2.7895698e-005  -8.6618942e-008            
2.7915695e-005  -8.6559809e-008            
2.7935692e-005  -8.6478513e-008            
2.7955689e-005  -8.6491056e-008            
2.7975685e-005  -8.6419569e-008            
2.7995682e-005  -8.6474929e-008            
2.8015679e-005  -8.6518886e-008            
2.8035676e-005  -8.6521007e-008            
2.8055673e-005  -8.6582347e-008            
2.807567e-005  -8.6367498e-008            
2.8095667e-005  -8.6068129e-008            
2.8115664e-005  -8.5856007e-008            
2.8135661e-005  -8.5998345e-008            
2.8155658e-005  -8.6181802e-008            
2.8175655e-005  -8.6373286e-008            
2.8195651e-005  -8.663105e-008            
2.8215648e-005  -8.674031e-008            
2.8235645e-005  -8.688935e-008            
2.8255642e-005  -8.700677e-008            
2.8275639e-005  -8.698193e-008            
2.8295636e-005  -8.6906178e-008            
2.8315633e-005  -8.6683903e-008            
2.833563e-005  -8.6524752e-008            
2.8355627e-005  -8.648027e-008            
2.8375624e-005  -8.6350486e-008            
2.8395621e-005  -8.6148376e-008            
2.8415618e-005  -8.588917e-008            
2.8435614e-005  -8.5613749e-008            
2.8455611e-005  -8.5354453e-008            
2.8475608e-005  -8.5152328e-008            
2.8495605e-005  -8.5116086e-008            
2.8515602e-005  -8.512002e-008            
2.8535599e-005  -8.5176923e-008            
2.8555596e-005  -8.5407124e-008            
2.8575593e-005  -8.5623036e-008            
2.859559e-005  -8.5609018e-008            
2.8615587e-005  -8.5399685e-008            
2.8635584e-005  -8.5230366e-008            
2.8655581e-005  -8.5260947e-008            
2.8675577e-005  -8.5278853e-008            
2.8695574e-005  -8.5252921e-008            
2.8715571e-005  -8.5335617e-008            
2.8735568e-005  -8.5247471e-008            
2.8755565e-005  -8.5124623e-008            
2.8775562e-005  -8.4983912e-008            
2.8795559e-005  -8.4936822e-008            
2.8815556e-005  -8.5112843e-008            
2.8835553e-005  -8.5232731e-008            
2.885555e-005  -8.5159653e-008            
2.8875547e-005  -8.5170922e-008            
2.8895544e-005  -8.5322284e-008            
2.891554e-005  -8.5523778e-008            
2.8935537e-005  -8.566194e-008            
2.8955534e-005  -8.5710119e-008            
2.8975531e-005  -8.5828248e-008            
2.8995528e-005  -8.6049189e-008            
2.9015525e-005  -8.61558e-008            
2.9035522e-005  -8.6249107e-008            
2.9055519e-005  -8.6323643e-008            
2.9075516e-005  -8.6210639e-008            
2.9095513e-005  -8.613868e-008            
2.911551e-005  -8.5972502e-008            
2.9135507e-005  -8.557627e-008            
2.9155503e-005  -8.5207767e-008            
2.91755e-005  -8.4965027e-008            
2.9195497e-005  -8.5043387e-008            
2.9215494e-005  -8.5400579e-008            
2.9235491e-005  -8.5689366e-008            
2.9255488e-005  -8.5679509e-008            
2.9275485e-005  -8.5519003e-008            
2.9295482e-005  -8.5556091e-008            
2.9315479e-005  -8.5605326e-008            
2.9335476e-005  -8.5645965e-008            
2.9355473e-005  -8.5774668e-008            
2.937547e-005  -8.5939855e-008            
2.9395466e-005  -8.5884885e-008            
2.9415463e-005  -8.5653947e-008            
2.943546e-005  -8.5519432e-008            
2.9455457e-005  -8.5480144e-008            
2.9475454e-005  -8.5794032e-008            
2.9495451e-005  -8.6276546e-008            
2.9515448e-005  -8.6542871e-008            
2.9535445e-005  -8.6518026e-008            
2.9555442e-005  -8.6408545e-008            
2.9575439e-005  -8.6490479e-008            
2.9595436e-005  -8.6607474e-008            
2.9615433e-005  -8.6604698e-008            
2.9635429e-005  -8.6633955e-008            
2.9655426e-005  -8.6730514e-008            
2.9675423e-005  -8.6630683e-008            
2.969542e-005  -8.6311061e-008            
2.9715417e-005  -8.6422358e-008            
2.9735414e-005  -8.7049355e-008            
2.9755411e-005  -8.7436638e-008            
2.9775408e-005  -8.7525001e-008            
2.9795405e-005  -8.7628335e-008            
2.9815402e-005  -8.7686481e-008            
2.9835399e-005  -8.715871e-008            
2.9855396e-005  -8.5449899e-008            
2.9875392e-005  -7.8251912e-008            
2.9895389e-005  -5.4580287e-008            
2.9915386e-005  -2.6115912e-008            
2.9935383e-005  -1.4470609e-008            
2.995538e-005  -1.2046607e-008            
2.9975377e-005  -1.2380949e-008            
2.9995374e-005  -1.2776417e-008            
3.0015371e-005  -1.223571e-008            
3.0035368e-005  -8.1283398e-009            
3.0055365e-005  -7.8764443e-010            
3.0075362e-005  4.5921859e-009            
3.0095359e-005  6.2737215e-009            
3.0115355e-005  5.9868444e-009            
3.0135352e-005  5.5048716e-009            
3.0155349e-005  4.9138498e-009            
3.0175346e-005  4.4370331e-009            
3.0195343e-005  4.2298587e-009            
3.021534e-005  4.1101854e-009            
3.0235337e-005  4.0760969e-009            
3.0255334e-005  3.8373487e-009            
3.0275331e-005  2.2758141e-009            
3.0295328e-005  -1.5046984e-009            
3.0315325e-005  -7.4116403e-009            
3.0335322e-005  -1.3179645e-008            
3.0355318e-005  -1.5453728e-008            
3.0375315e-005  -1.5659407e-008            
3.0395312e-005  -1.5722099e-008            
3.0415309e-005  -1.5920597e-008            
3.0435306e-005  -1.6207982e-008            
3.0455303e-005  -1.6139112e-008            
3.04753e-005  -1.5286046e-008            
3.0495297e-005  -1.4225627e-008            
3.0515294e-005  -1.3469606e-008            
3.0535291e-005  -1.3331827e-008            
3.0555288e-005  -1.3992313e-008            
3.0575284e-005  -1.5281215e-008            
3.0595281e-005  -1.5958195e-008            
3.0615278e-005  -1.3957986e-008            
3.0635275e-005  -1.1144734e-008            
3.0655272e-005  -9.2014226e-009            
3.0675269e-005  -7.2655236e-009            
3.0695266e-005  -5.7284068e-009            
3.0715263e-005  -4.065187e-009            
3.073526e-005  -2.8226892e-009            
3.0755257e-005  -2.5802533e-009            
3.0775254e-005  -2.9203276e-009            
3.0795251e-005  -3.3778148e-009            
3.0815247e-005  -3.7189926e-009            
3.0835244e-005  -4.1259079e-009            
3.0855241e-005  -4.5486037e-009            
3.0875238e-005  -4.6625748e-009            
3.0895235e-005  -4.5803592e-009            
3.0915232e-005  -4.1419275e-009            
3.0935229e-005  -3.274803e-009            
3.0955226e-005  -2.4279036e-009            
3.0975223e-005  -2.0225819e-009            
3.099522e-005  -1.6761805e-009            
3.1015217e-005  -1.4456069e-009            
3.1035214e-005  -2.0943812e-009            
3.105521e-005  -4.1980844e-009            
3.1075207e-005  -8.5978059e-009            
3.1095204e-005  -1.3120503e-008            
3.1115201e-005  -1.3904225e-008            
3.1135198e-005  -1.2353649e-008            
3.1155195e-005  -1.1075735e-008            
3.1175192e-005  -1.0519769e-008            
3.1195189e-005  -1.0107851e-008            
3.1215186e-005  -1.017707e-008            
3.1235183e-005  -1.0451491e-008            
3.125518e-005  -1.0684485e-008            
3.1275177e-005  -1.0929991e-008            
3.1295173e-005  -1.1623327e-008            
3.131517e-005  -1.1782012e-008            
3.1335167e-005  -1.057206e-008            
3.1355164e-005  -9.5535802e-009            
3.1375161e-005  -9.2623061e-009            
3.1395158e-005  -8.8637975e-009            
3.1415155e-005  -7.6056768e-009            
3.1435152e-005  -6.4645195e-009            
3.1455149e-005  -6.7152887e-009            
3.1475146e-005  -7.1025942e-009            
3.1495143e-005  -7.6172553e-009            
3.151514e-005  -8.3259708e-009            
3.1535136e-005  -8.480613e-009            
3.1555133e-005  -8.5065363e-009            
3.157513e-005  -7.212772e-009            
3.1595127e-005  -4.5228333e-009            
3.1615124e-005  -3.3126438e-009            
3.1635121e-005  -3.2274302e-009            
3.1655118e-005  -3.8533343e-009            
3.1675115e-005  -4.7802852e-009            
3.1695112e-005  -5.6456602e-009            
3.1715109e-005  -6.437268e-009            
3.1735106e-005  -6.9560289e-009            
3.1755103e-005  -7.0267409e-009            
3.1775099e-005  -6.5895168e-009            
3.1795096e-005  -4.7772273e-009            
3.1815093e-005  -1.1670898e-009            
3.183509e-005  6.022446e-010            
3.1855087e-005  7.4773472e-010            
3.1875084e-005  2.7176276e-010            
3.1895081e-005  -1.1372496e-010            
3.1915078e-005  -4.7954454e-011            
3.1935075e-005  1.0260354e-009            
3.1955072e-005  2.8522385e-009            
3.1975069e-005  2.9089576e-009            
3.1995066e-005  2.5282206e-009            
3.2015062e-005  2.6850604e-009            
3.2035059e-005  3.194874e-009            
3.2055056e-005  4.092866e-009            
3.2075053e-005  5.2603796e-009            
3.209505e-005  6.5083081e-009            
3.2115047e-005  7.3953439e-009            
3.2135044e-005  7.5236666e-009            
3.2155041e-005  7.283567e-009            
3.2175038e-005  6.5984999e-009            
3.2195035e-005  3.5547832e-009            
3.2215032e-005  -3.456535e-009            
3.2235029e-005  -1.0373977e-008            
3.2255025e-005  -1.3420773e-008            
3.2275022e-005  -1.4061679e-008            
3.2295019e-005  -1.5206616e-008            
3.2315016e-005  -1.6570468e-008            
3.2335013e-005  -1.8894937e-008            
3.235501e-005  -1.9663577e-008            
3.2375007e-005  -1.5453633e-008            
3.2395004e-005  -1.2976993e-008            
3.2415001e-005  -1.2163097e-008            
3.2434998e-005  -1.2247176e-008            
3.2454995e-005  -1.2539699e-008            
3.2474992e-005  -1.1199871e-008            
3.2494988e-005  -8.135784e-009            
3.2514985e-005  -6.1875256e-009            
3.2534982e-005  -5.2506092e-009            
3.2554979e-005  -4.5544757e-009            
3.2574976e-005  -4.1200085e-009            
3.2594973e-005  -4.0810767e-009            
3.261497e-005  -3.7523777e-009            
3.2634967e-005  -2.3413436e-009            
3.2654964e-005  -2.9550514e-010            
3.2674961e-005  6.933918e-010            
3.2694958e-005  1.0314257e-009            
3.2714955e-005  1.1782371e-009            
3.2734951e-005  5.155074e-010            
3.2754948e-005  -3.4948577e-011            
3.2774945e-005  -1.183416e-010            
3.2794942e-005  2.2388801e-010            
3.2814939e-005  1.006052e-009            
3.2834936e-005  1.0327608e-009            
3.2854933e-005  1.2952746e-009            
3.287493e-005  1.5802097e-009            
3.2894927e-005  1.8190531e-009            
3.2914924e-005  2.1135782e-009            
3.2934921e-005  2.4253446e-009            
3.2954917e-005  1.8482327e-009            
3.2974914e-005  -6.7236716e-010            
3.2994911e-005  -5.4825425e-009            
3.3014908e-005  -9.8458481e-009            
3.3034905e-005  -9.5830719e-009            
3.3054902e-005  -5.3605478e-009            
3.3074899e-005  -2.8585269e-009            
3.3094896e-005  -1.2139382e-009            
3.3114893e-005  -4.6881415e-010            
3.313489e-005  -9.8683899e-010            
3.3154887e-005  -1.5173402e-009            
3.3174884e-005  -2.1085105e-009            
3.319488e-005  -2.4781037e-009            
3.3214877e-005  -2.4673074e-009            
3.3234874e-005  -2.3681562e-009            
3.3254871e-005  -2.3621694e-009            
3.3274868e-005  -3.0967103e-009            
3.3294865e-005  -5.1704703e-009            
3.3314862e-005  -5.978559e-009            
3.3334859e-005  -2.9995495e-009            
3.3354856e-005  -2.4413967e-009            
3.3374853e-005  -2.8571168e-009            
3.339485e-005  -3.1710046e-009            
3.3414847e-005  -3.3180819e-009            
3.3434843e-005  -3.3752216e-009            
3.345484e-005  -3.8606838e-009            
3.3474837e-005  -5.1847074e-009            
3.3494834e-005  -1.0255308e-008            
3.3514831e-005  -1.8923645e-008            
3.3534828e-005  -2.865941e-008            
3.3554825e-005  -3.9111398e-008            
3.3574822e-005  -5.3033262e-008            
3.3594819e-005  -7.748974e-008            
3.3614816e-005  -8.8243639e-008            
3.3634813e-005  -8.8196839e-008            
3.365481e-005  -8.8392507e-008            
3.3674806e-005  -8.8865417e-008            
3.3694803e-005  -8.9177374e-008            
3.37148e-005  -8.9001429e-008            
3.3734797e-005  -8.8902939e-008            
3.3754794e-005  -8.8828592e-008            
3.3774791e-005  -8.8438975e-008            
3.3794788e-005  -8.8444674e-008            
3.3814785e-005  -8.8896486e-008            
3.3834782e-005  -8.9278667e-008            
3.3854779e-005  -8.9123879e-008            
3.3874776e-005  -8.8901246e-008            
3.3894773e-005  -8.8486361e-008            
3.3914769e-005  -8.8443227e-008            
3.3934766e-005  -8.8457504e-008            
3.3954763e-005  -8.8614176e-008            
3.397476e-005  -8.8580211e-008            
3.3994757e-005  -8.8852854e-008            
3.4014754e-005  -8.8898069e-008            
3.4034751e-005  -8.9023119e-008            
3.4054748e-005  -8.8933055e-008            
3.4074745e-005  -8.8807605e-008            
3.4094742e-005  -8.863247e-008            
3.4114739e-005  -8.8539726e-008            
3.4134736e-005  -8.8499814e-008            
3.4154732e-005  -8.8494359e-008            
3.4174729e-005  -8.8413583e-008            
3.4194726e-005  -8.8086021e-008            
3.4214723e-005  -8.7827491e-008            
3.423472e-005  -8.7686343e-008            
3.4254717e-005  -8.8001049e-008            
3.4274714e-005  -8.8289474e-008            
3.4294711e-005  -8.8379991e-008            
3.4314708e-005  -8.8085093e-008            
3.4334705e-005  -8.8037448e-008            
3.4354702e-005  -8.8069299e-008            
3.4374699e-005  -8.8083372e-008            
3.4394695e-005  -8.7978114e-008            
3.4414692e-005  -8.793181e-008            
3.4434689e-005  -8.7768635e-008            
3.4454686e-005  -8.7877623e-008            
3.4474683e-005  -8.8038283e-008            
3.449468e-005  -8.8209455e-008            
3.4514677e-005  -8.8288544e-008            
3.4534674e-005  -8.8116653e-008            
3.4554671e-005  -8.7902762e-008            
3.4574668e-005  -8.804833e-008            
3.4594665e-005  -8.804841e-008            
3.4614662e-005  -8.8123834e-008            
3.4634658e-005  -8.811788e-008            
3.4654655e-005  -8.7992091e-008            
3.4674652e-005  -8.8006073e-008            
3.4694649e-005  -8.7673794e-008            
3.4714646e-005  -8.7640904e-008            
3.4734643e-005  -8.7957273e-008            
3.475464e-005  -8.8345864e-008            
3.4774637e-005  -8.8179518e-008            
3.4794634e-005  -8.7856731e-008            
3.4814631e-005  -8.7693285e-008            
3.4834628e-005  -8.7819283e-008            
3.4854625e-005  -8.780772e-008            
3.4874621e-005  -8.7800362e-008            
3.4894618e-005  -8.7672637e-008            
3.4914615e-005  -8.7518227e-008            
3.4934612e-005  -8.757793e-008            
3.4954609e-005  -8.7894469e-008            
3.4974606e-005  -8.8103876e-008            
3.4994603e-005  -8.8106506e-008            
3.50146e-005  -8.8257874e-008            
3.5034597e-005  -8.8247004e-008            
3.5054594e-005  -8.8311534e-008            
3.5074591e-005  -8.8354242e-008            
3.5094588e-005  -8.8367424e-008            
3.5114584e-005  -8.8363013e-008            
3.5134581e-005  -8.8182667e-008            
3.5154578e-005  -8.8022146e-008            
3.5174575e-005  -8.8001296e-008            
3.5194572e-005  -8.7782243e-008            
3.5214569e-005  -8.7758422e-008            
3.5234566e-005  -8.7608122e-008            
3.5254563e-005  -8.7927355e-008            
3.527456e-005  -8.8245733e-008            
3.5294557e-005  -8.8406163e-008            
3.5314554e-005  -8.8369701e-008            
3.533455e-005  -8.8335678e-008            
3.5354547e-005  -8.8381962e-008            
3.5374544e-005  -8.8556498e-008            
3.5394541e-005  -8.8648292e-008            
3.5414538e-005  -8.8250785e-008            
3.5434535e-005  -8.7815696e-008            
3.5454532e-005  -8.7801287e-008            
3.5474529e-005  -8.8004771e-008            
3.5494526e-005  -8.8165674e-008            
3.5514523e-005  -8.8314904e-008            
3.553452e-005  -8.8365833e-008            
3.5554517e-005  -8.8005283e-008            
3.5574513e-005  -8.7893513e-008            
3.559451e-005  -8.791377e-008            
3.5614507e-005  -8.8299793e-008            
3.5634504e-005  -8.8472518e-008            
3.5654501e-005  -8.8519248e-008            
3.5674498e-005  -8.8504697e-008            
3.5694495e-005  -8.8244992e-008            
3.5714492e-005  -8.7720419e-008            
3.5734489e-005  -8.7685719e-008            
3.5754486e-005  -8.7661011e-008            
3.5774483e-005  -8.7577476e-008            
3.579448e-005  -8.7491905e-008            
3.5814476e-005  -8.7363012e-008            
3.5834473e-005  -8.7304662e-008            
3.585447e-005  -8.7521688e-008            
3.5874467e-005  -8.7430382e-008            
3.5894464e-005  -8.7377603e-008            
3.5914461e-005  -8.7283468e-008            
3.5934458e-005  -8.7302963e-008            
3.5954455e-005  -8.6945957e-008            
3.5974452e-005  -8.6710944e-008            
3.5994449e-005  -8.6687507e-008            
3.6014446e-005  -8.6570104e-008            
3.6034443e-005  -8.6534502e-008            
3.6054439e-005  -8.6255921e-008            
3.6074436e-005  -8.6317415e-008            
3.6094433e-005  -8.621137e-008            
3.611443e-005  -8.6053818e-008            
3.6134427e-005  -8.5671193e-008            
3.6154424e-005  -8.5776996e-008            
3.6174421e-005  -8.5755862e-008            
3.6194418e-005  -8.5499586e-008            
3.6214415e-005  -8.5785095e-008            
3.6234412e-005  -8.5836081e-008            
3.6254409e-005  -8.6240671e-008            
3.6274406e-005  -8.6377174e-008            
3.6294402e-005  -8.6540027e-008            
3.6314399e-005  -8.6522417e-008            
3.6334396e-005  -8.6648142e-008            
3.6354393e-005  -8.6585247e-008            
3.637439e-005  -8.6452852e-008            
3.6394387e-005  -8.6211215e-008            
3.6414384e-005  -8.6240467e-008            
3.6434381e-005  -8.6168573e-008            
3.6454378e-005  -8.6261998e-008            
3.6474375e-005  -8.6327736e-008            
3.6494372e-005  -8.6229115e-008            
3.6514369e-005  -8.6373516e-008            
3.6534365e-005  -8.6840421e-008            
3.6554362e-005  -8.712868e-008            
3.6574359e-005  -8.7119552e-008            
3.6594356e-005  -8.7088032e-008            
3.6614353e-005  -8.6812594e-008            
3.663435e-005  -8.6662225e-008            
3.6654347e-005  -8.6348653e-008            
3.6674344e-005  -8.6455014e-008            
3.6694341e-005  -8.6450864e-008            
3.6714338e-005  -8.6653143e-008            
3.6734335e-005  -8.6642099e-008            
3.6754332e-005  -8.6675854e-008            
3.6774328e-005  -8.6625171e-008            
3.6794325e-005  -8.6667291e-008            
3.6814322e-005  -8.687539e-008            
3.6834319e-005  -8.6913824e-008            
3.6854316e-005  -8.6596009e-008            
3.6874313e-005  -8.6165777e-008            
3.689431e-005  -8.6082518e-008            
3.6914307e-005  -8.6185137e-008            
3.6934304e-005  -8.6686797e-008            
3.6954301e-005  -8.7104424e-008            
3.6974298e-005  -8.7315566e-008            
3.6994295e-005  -8.7163407e-008            
3.7014291e-005  -8.6793214e-008            
3.7034288e-005  -8.6580872e-008            
3.7054285e-005  -8.638906e-008            
3.7074282e-005  -8.6247665e-008            
3.7094279e-005  -8.5269139e-008            
3.7114276e-005  -8.1593365e-008            
3.7134273e-005  -6.9249057e-008            
3.715427e-005  -2.8379041e-008            
3.7174267e-005  -3.2392233e-009            
3.7194264e-005  8.3460767e-009            
3.7214261e-005  1.0126802e-008            
3.7234258e-005  1.0195467e-008            
3.7254254e-005  1.0279069e-008            
3.7274251e-005  1.0079742e-008            
3.7294248e-005  9.7367303e-009            
3.7314245e-005  9.7950651e-009            
3.7334242e-005  9.6927779e-009            
3.7354239e-005  8.1988066e-009            
3.7374236e-005  3.0153256e-009            
3.7394233e-005  -2.9064471e-009            
3.741423e-005  -3.4258572e-009            
3.7434227e-005  -2.5022081e-009            
3.7454224e-005  -1.5550619e-009            
3.7474221e-005  -8.903623e-010            
3.7494217e-005  -8.8152404e-010            
3.7514214e-005  -1.0453759e-009            
3.7534211e-005  -1.3215362e-009            
3.7554208e-005  -1.7156562e-009            
3.7574205e-005  -2.0112848e-009            
3.7594202e-005  -2.3939702e-009            
3.7614199e-005  -2.302942e-009            
3.7634196e-005  -2.4611137e-009            
3.7654193e-005  -2.6650394e-009            
3.767419e-005  -2.5770474e-009            
3.7694187e-005  -2.5632239e-009            
3.7714183e-005  -2.6665686e-009            
3.773418e-005  -3.6140084e-009            
3.7754177e-005  -4.560306e-009            
3.7774174e-005  -4.6834847e-009            
3.7794171e-005  -4.6307028e-009            
3.7814168e-005  -5.2510392e-009            
3.7834165e-005  -6.4606831e-009            
3.7854162e-005  -9.1810647e-009            
3.7874159e-005  -1.3098064e-008            
3.7894156e-005  -1.6539749e-008            
3.7914153e-005  -1.7588109e-008            
3.793415e-005  -1.6752554e-008            
3.7954146e-005  -1.3793863e-008            
3.7974143e-005  -1.1979696e-008            
3.799414e-005  -1.0621963e-008            
3.8014137e-005  -9.6414471e-009            
3.8034134e-005  -9.9099165e-009            
3.8054131e-005  -1.0266535e-008            
3.8074128e-005  -1.0320986e-008            
3.8094125e-005  -1.0485279e-008            
3.8114122e-005  -1.1356052e-008            
3.8134119e-005  -1.26414e-008            
3.8154116e-005  -1.3306358e-008            
3.8174113e-005  -1.379243e-008            
3.8194109e-005  -1.4373621e-008            
3.8214106e-005  -1.5047195e-008            
3.8234103e-005  -1.4970841e-008            
3.82541e-005  -1.4263458e-008            
3.8274097e-005  -1.4043203e-008            
3.8294094e-005  -1.4416275e-008            
3.8314091e-005  -1.3773229e-008            
3.8334088e-005  -1.3069227e-008            
3.8354085e-005  -1.2619456e-008            
3.8374082e-005  -1.1873363e-008            
3.8394079e-005  -1.1088005e-008            
3.8414076e-005  -1.1286955e-008            
3.8434072e-005  -1.167281e-008            
3.8454069e-005  -1.1980153e-008            
3.8474066e-005  -1.1305065e-008            
3.8494063e-005  -1.1461831e-008            
3.851406e-005  -1.1468445e-008            
3.8534057e-005  -1.0043991e-008            
3.8554054e-005  -8.8274373e-009            
3.8574051e-005  -7.9889073e-009            
3.8594048e-005  -6.9683383e-009            
3.8614045e-005  -4.9888529e-009            
3.8634042e-005  -4.2729411e-009            
3.8654039e-005  -4.6758842e-009            
3.8674035e-005  -4.8037057e-009            
3.8694032e-005  -4.6502881e-009            
3.8714029e-005  -4.239427e-009            
3.8734026e-005  -4.3280216e-009            
3.8754023e-005  -6.0938138e-009            
3.877402e-005  -9.0198229e-009            
3.8794017e-005  -9.5770204e-009            
3.8814014e-005  -8.8765139e-009            
3.8834011e-005  -7.9789348e-009            
3.8854008e-005  -7.6610052e-009            
3.8874005e-005  -8.1716419e-009            
3.8894002e-005  -9.9502955e-009            
3.8913998e-005  -1.1103264e-008            
3.8933995e-005  -9.9588074e-009            
3.8953992e-005  -7.552592e-009            
3.8973989e-005  -5.075155e-009            
3.8993986e-005  -4.2767914e-009            
3.9013983e-005  -4.570216e-009            
3.903398e-005  -5.0657853e-009            
3.9053977e-005  -5.1924785e-009            
3.9073974e-005  -5.1150734e-009            
3.9093971e-005  -4.6531691e-009            
3.9113968e-005  -3.526214e-009            
3.9133965e-005  -3.119506e-009            
3.9153961e-005  -4.2404712e-009            
3.9173958e-005  -7.3561087e-009            
3.9193955e-005  -1.1952919e-008            
3.9213952e-005  -1.6052954e-008            
3.9233949e-005  -1.848826e-008            
3.9253946e-005  -1.7650306e-008            
3.9273943e-005  -1.5500237e-008            
3.929394e-005  -1.404247e-008            
3.9313937e-005  -1.3857906e-008            
3.9333934e-005  -1.4341219e-008            
3.9353931e-005  -1.5553555e-008            
3.9373928e-005  -1.6210792e-008            
3.9393924e-005  -1.5360328e-008            
3.9413921e-005  -1.2574446e-008            
3.9433918e-005  -1.0473401e-008            
3.9453915e-005  -1.0197242e-008            
3.9473912e-005  -1.0455152e-008            
3.9493909e-005  -1.1075132e-008            
3.9513906e-005  -1.1739309e-008            
3.9533903e-005  -1.2146134e-008            
3.95539e-005  -1.2379745e-008            
3.9573897e-005  -1.2533232e-008            
3.9593894e-005  -1.2592197e-008            
3.9613891e-005  -1.2344014e-008            
3.9633887e-005  -1.233709e-008            
3.9653884e-005  -1.2346473e-008            
3.9673881e-005  -1.2334452e-008            
3.9693878e-005  -1.2233334e-008            
3.9713875e-005  -1.2139519e-008            
3.9733872e-005  -1.2096647e-008            
3.9753869e-005  -1.2099923e-008            
3.9773866e-005  -1.258789e-008            
3.9793863e-005  -1.4214553e-008            
3.981386e-005  -1.6192973e-008            
3.9833857e-005  -1.5991466e-008            
3.9853854e-005  -1.3732687e-008            
3.987385e-005  -1.0709615e-008            
3.9893847e-005  -7.9001193e-009            
3.9913844e-005  -6.0753393e-009            
3.9933841e-005  -6.2753662e-009            
3.9953838e-005  -7.1815012e-009            
3.9973835e-005  -7.8160852e-009            
3.9993832e-005  -8.1696792e-009            
4.0013829e-005  -8.4122003e-009            
4.0033826e-005  -8.4991121e-009            
4.0053823e-005  -8.7028193e-009            
4.007382e-005  -1.0225389e-008            
4.0093816e-005  -1.2598159e-008            
