Profile 1             
0  1.8930595e-009            
1.0000281e-008  1.9288356e-009            
2.0000561e-008  2.211644e-009            
3.0000842e-008  2.4228608e-009            
4.0001122e-008  2.4607589e-009            
5.0001403e-008  2.5310727e-009            
6.0001683e-008  2.7287792e-009            
7.0001964e-008  2.8868124e-009            
8.0002244e-008  3.1448592e-009            
9.0002525e-008  2.8995337e-009            
1.0000281e-007  2.8549615e-009            
1.1000309e-007  2.9554717e-009            
1.2000337e-007  2.6817474e-009            
1.3000365e-007  2.9203661e-009            
1.4000393e-007  3.0771971e-009            
1.5000421e-007  3.1658556e-009            
1.6000449e-007  3.3449507e-009            
1.7000477e-007  3.091359e-009            
1.8000505e-007  2.9324353e-009            
1.9000533e-007  1.95693e-009            
2.0000561e-007  1.720497e-010            
2.1000589e-007  -2.4268065e-009            
2.2000617e-007  -6.1863614e-009            
2.3000645e-007  -1.186182e-008            
2.4000673e-007  -1.7851492e-008            
2.5000701e-007  -2.5417406e-008            
2.6000729e-007  -3.2052037e-008            
2.7000757e-007  -3.6888525e-008            
2.8000786e-007  -4.0379349e-008            
2.9000814e-007  -4.3223768e-008            
3.0000842e-007  -4.581601e-008            
3.100087e-007  -4.5380816e-008            
3.2000898e-007  -3.7157356e-008            
3.3000926e-007  -2.4708008e-008            
3.4000954e-007  -1.1839683e-008            
3.5000982e-007  -4.3456143e-009            
3.600101e-007  -1.2133449e-010            
3.7001038e-007  1.9716212e-009            
3.8001066e-007  2.8452698e-009            
3.9001094e-007  3.1804549e-009            
4.0001122e-007  3.1860818e-009            
4.100115e-007  3.1445456e-009            
4.2001178e-007  2.9138005e-009            
4.3001206e-007  2.3950251e-009            
4.4001234e-007  1.2186215e-009            
4.5001262e-007  -2.215579e-010            
4.6001291e-007  -3.2422407e-009            
4.7001319e-007  -7.1659193e-009            
4.8001347e-007  -1.2545282e-008            
4.9001375e-007  -1.9252401e-008            
5.0001403e-007  -2.5723099e-008            
5.1001431e-007  -3.1447734e-008            
5.2001459e-007  -3.661482e-008            
5.3001487e-007  -4.1495718e-008            
5.4001515e-007  -4.5433929e-008            
5.5001543e-007  -4.5398347e-008            
5.6001571e-007  -3.9073491e-008            
5.7001599e-007  -2.8529828e-008            
5.8001627e-007  -1.5703088e-008            
5.9001655e-007  -7.6930307e-009            
6.0001683e-007  -3.107325e-009            
6.1001711e-007  -7.2538797e-010            
6.2001739e-007  5.0935056e-010            
6.3001767e-007  1.093371e-009            
6.4001795e-007  1.5290561e-009            
6.5001824e-007  1.9970668e-009            
6.6001852e-007  2.1110738e-009            
6.700188e-007  1.5304792e-009            
6.8001908e-007  7.7536102e-010            
6.9001936e-007  -6.8582048e-010            
7.0001964e-007  -3.3441704e-009            
7.1001992e-007  -6.7829374e-009            
7.200202e-007  -1.1465214e-008            
7.3002048e-007  -1.7110617e-008            
7.4002076e-007  -2.3283198e-008            
7.5002104e-007  -2.9690415e-008            
7.6002132e-007  -3.6200321e-008            
7.700216e-007  -4.1624316e-008            
7.8002188e-007  -4.560062e-008            
7.9002216e-007  -4.7375691e-008            
8.0002244e-007  -4.6805095e-008            
8.1002272e-007  -4.1754338e-008            
8.20023e-007  -2.9653155e-008            
8.3002329e-007  -1.4528971e-008            
8.4002357e-007  -5.4699709e-009            
8.5002385e-007  -1.926473e-009            
8.6002413e-007  8.8210074e-011            
8.7002441e-007  6.621792e-010            
8.8002469e-007  1.0314857e-009            
8.9002497e-007  1.5449731e-009            
9.0002525e-007  1.7747102e-009            
9.1002553e-007  1.5087551e-009            
9.2002581e-007  8.2567436e-010            
9.3002609e-007  -3.614234e-010            
9.4002637e-007  -2.4564327e-009            
9.5002665e-007  -5.6350441e-009            
9.6002693e-007  -1.0142415e-008            
9.7002721e-007  -1.5424208e-008            
9.8002749e-007  -2.0399086e-008            
9.9002777e-007  -2.5363631e-008            
1.0000281e-006  -3.0406148e-008            
1.0100283e-006  -3.4976127e-008            
1.0200286e-006  -3.9410282e-008            
1.0300289e-006  -4.3636998e-008            
1.0400292e-006  -4.4785196e-008            
1.0500295e-006  -3.9886804e-008            
1.0600297e-006  -3.3867516e-008            
1.07003e-006  -2.4303054e-008            
1.0800303e-006  -1.3245676e-008            
1.0900306e-006  -7.0225388e-009            
1.1000309e-006  -4.2213999e-009            
1.1100311e-006  -2.9386025e-009            
1.1200314e-006  -2.4381855e-009            
1.1300317e-006  -1.8777271e-009            
1.140032e-006  -1.0361393e-009            
1.1500323e-006  -5.5301061e-010            
1.1600325e-006  -5.0936164e-010            
1.1700328e-006  -1.0239756e-009            
1.1800331e-006  -2.0094713e-009            
1.1900334e-006  -3.1524962e-009            
1.2000337e-006  -5.2549603e-009            
1.2100339e-006  -8.6371755e-009            
1.2200342e-006  -1.3241106e-008            
1.2300345e-006  -1.817704e-008            
1.2400348e-006  -2.5037533e-008            
1.2500351e-006  -2.9699052e-008            
1.2600353e-006  -3.3400768e-008            
1.2700356e-006  -3.6135036e-008            
1.2800359e-006  -3.8980627e-008            
1.2900362e-006  -4.0988284e-008            
1.3000365e-006  -3.8321214e-008            
1.3100368e-006  -2.5525388e-008            
1.320037e-006  -1.4493395e-008            
1.3300373e-006  -8.1771443e-009            
1.3400376e-006  -5.1895287e-009            
1.3500379e-006  -3.9984769e-009            
1.3600382e-006  -3.2899993e-009            
1.3700384e-006  -2.6826568e-009            
1.3800387e-006  -1.7738789e-009            
1.390039e-006  -8.0965197e-010            
1.4000393e-006  -1.3982749e-011            
1.4100396e-006  -4.7377722e-010            
1.4200398e-006  -1.7603158e-009            
1.4300401e-006  -3.7455644e-009            
1.4400404e-006  -6.7045002e-009            
1.4500407e-006  -1.1093144e-008            
1.460041e-006  -1.5254645e-008            
1.4700412e-006  -1.9747353e-008            
1.4800415e-006  -2.3651551e-008            
1.4900418e-006  -2.832954e-008            
1.5000421e-006  -3.2618439e-008            
1.5100424e-006  -3.663839e-008            
1.5200426e-006  -4.0429507e-008            
1.5300429e-006  -4.2988447e-008            
1.5400432e-006  -4.0912831e-008            
1.5500435e-006  -3.3195193e-008            
1.5600438e-006  -2.395312e-008            
1.570044e-006  -1.3693741e-008            
1.5800443e-006  -8.4450448e-009            
1.5900446e-006  -6.2236533e-009            
1.6000449e-006  -4.9476481e-009            
1.6100452e-006  -3.7086747e-009            
1.6200454e-006  -2.5941641e-009            
1.6300457e-006  -1.5752677e-009            
1.640046e-006  -9.375423e-010            
1.6500463e-006  -9.7795912e-010            
1.6600466e-006  -1.483561e-009            
1.6700469e-006  -2.2098101e-009            
1.6800471e-006  -3.7508568e-009            
1.6900474e-006  -6.293287e-009            
1.7000477e-006  -1.02393e-008            
1.710048e-006  -1.5215564e-008            
1.7200483e-006  -2.031035e-008            
1.7300485e-006  -2.5955772e-008            
1.7400488e-006  -3.1496987e-008            
1.7500491e-006  -3.6413717e-008            
1.7600494e-006  -4.0087829e-008            
1.7700497e-006  -4.2853427e-008            
1.7800499e-006  -4.4733011e-008            
1.7900502e-006  -4.2039145e-008            
1.8000505e-006  -3.3411059e-008            
1.8100508e-006  -2.0811396e-008            
1.8200511e-006  -1.0240565e-008            
1.8300513e-006  -5.764485e-009            
1.8400516e-006  -3.6938209e-009            
1.8500519e-006  -2.1887868e-009            
1.8600522e-006  -1.0997853e-009            
1.8700525e-006  -1.2757457e-010            
1.8800527e-006  3.1022248e-010            
1.890053e-006  5.2326815e-010            
1.9000533e-006  2.0061561e-010            
1.9100536e-006  -9.1413353e-010            
1.9200539e-006  -2.9737999e-009            
1.9300541e-006  -5.7302634e-009            
1.9400544e-006  -9.3496263e-009            
1.9500547e-006  -1.3857779e-008            
1.960055e-006  -1.8699681e-008            
1.9700553e-006  -2.3573048e-008            
1.9800555e-006  -2.8570922e-008            
1.9900558e-006  -3.3264044e-008            
2.0000561e-006  -3.7664267e-008            
2.0100564e-006  -4.1328548e-008            
2.0200567e-006  -4.4263903e-008            
2.030057e-006  -4.5348251e-008            
2.0400572e-006  -3.9384083e-008            
2.0500575e-006  -2.5849926e-008            
2.0600578e-006  -1.5288606e-008            
2.0700581e-006  -1.1107699e-008            
2.0800584e-006  -8.8419201e-009            
2.0900586e-006  -7.5140223e-009            
2.1000589e-006  -5.8073171e-009            
2.1100592e-006  -4.5010478e-009            
2.1200595e-006  -3.3651622e-009            
2.1300598e-006  -2.9933965e-009            
2.14006e-006  -2.8915333e-009            
2.1500603e-006  -3.3769994e-009            
2.1600606e-006  -4.7140312e-009            
2.1700609e-006  -7.0695508e-009            
2.1800612e-006  -9.878064e-009            
2.1900614e-006  -1.2980021e-008            
2.2000617e-006  -1.6451535e-008            
2.210062e-006  -2.0756412e-008            
2.2200623e-006  -2.5021256e-008            
2.2300626e-006  -2.9121525e-008            
2.2400628e-006  -3.2928962e-008            
2.2500631e-006  -3.6319537e-008            
2.2600634e-006  -3.9054193e-008            
2.2700637e-006  -4.1511434e-008            
2.280064e-006  -3.9305595e-008            
2.2900642e-006  -3.015973e-008            
2.3000645e-006  -2.089085e-008            
2.3100648e-006  -1.3953205e-008            
2.3200651e-006  -1.1166806e-008            
2.3300654e-006  -9.5664419e-009            
2.3400656e-006  -8.3298752e-009            
2.3500659e-006  -7.2001349e-009            
2.3600662e-006  -6.6724844e-009            
2.3700665e-006  -6.5629816e-009            
2.3800668e-006  -6.7929501e-009            
2.3900671e-006  -7.6517654e-009            
2.4000673e-006  -8.8663907e-009            
2.4100676e-006  -1.0241027e-008            
2.4200679e-006  -1.2047676e-008            
2.4300682e-006  -1.464116e-008            
2.4400685e-006  -1.8242186e-008            
2.4500687e-006  -2.2613474e-008            
2.460069e-006  -2.7168925e-008            
2.4700693e-006  -3.1753137e-008            
2.4800696e-006  -3.7769667e-008            
2.4900699e-006  -4.3197455e-008            
2.5000701e-006  -4.7111164e-008            
2.5100704e-006  -4.8665804e-008            
2.5200707e-006  -4.8346568e-008            
2.530071e-006  -4.2556775e-008            
2.5400713e-006  -3.4651829e-008            
2.5500715e-006  -2.2424133e-008            
2.5600718e-006  -1.3048037e-008            
2.5700721e-006  -6.6524091e-009            
2.5800724e-006  -3.0302691e-009            
2.5900727e-006  -6.9408688e-010            
2.6000729e-006  -6.1820861e-012            
2.6100732e-006  1.3483352e-011            
2.6200735e-006  7.7775258e-011            
2.6300738e-006  2.4428001e-010            
2.6400741e-006  5.4484291e-010            
2.6500743e-006  7.2631846e-010            
2.6600746e-006  4.0166137e-010            
2.6700749e-006  2.6342625e-010            
