Profile 1             
0  -1.9996778e-008            
2.000624e-008  -2.8113789e-008            
4.0012479e-008  -3.3030048e-008            
6.0018719e-008  -3.3101616e-008            
8.0024959e-008  -2.8522988e-008            
1.000312e-007  -1.4611561e-008            
1.2003744e-007  -7.2324233e-009            
1.4004368e-007  -7.4883175e-009            
1.6004992e-007  -1.3211606e-008            
1.8005616e-007  -1.9127326e-008            
2.000624e-007  -2.4471295e-008            
2.2006864e-007  -3.3255917e-008            
2.4007488e-007  -3.517019e-008            
2.6008112e-007  -3.2565815e-008            
2.8008736e-007  -2.1320564e-008            
3.000936e-007  -1.7572912e-008            
3.2009983e-007  -1.9159881e-008            
3.4010607e-007  -2.1336626e-008            
3.6011231e-007  -1.746067e-008            
3.8011855e-007  -1.8086608e-008            
4.0012479e-007  -2.2977347e-008            
4.2013103e-007  -2.9090512e-008            
4.4013727e-007  -3.3254616e-008            
4.6014351e-007  -4.1662906e-008            
4.8014975e-007  -4.3614601e-008            
5.0015599e-007  -3.9717144e-008            
5.2016223e-007  -2.9635397e-008            
5.4016847e-007  -2.7002238e-008            
5.6017471e-007  -2.8743104e-008            
5.8018095e-007  -2.8086216e-008            
6.0018719e-007  -1.9677724e-008            
6.2019343e-007  -1.7493221e-008            
6.4019967e-007  -2.0556031e-008            
6.6020591e-007  -2.6708723e-008            
6.8021215e-007  -3.0540321e-008            
7.0021839e-007  -3.5994981e-008            
7.2022463e-007  -4.4812399e-008            
7.4023087e-007  -4.5864571e-008            
7.6023711e-007  -3.8487528e-008            
7.8024335e-007  -2.919809e-008            
8.0024959e-007  -2.6708388e-008            
8.2025583e-007  -2.7027896e-008            
8.4026207e-007  -2.2933998e-008            
8.6026831e-007  -1.7501011e-008            
8.8027455e-007  -1.9478171e-008            
9.0028079e-007  -2.4797996e-008            
9.2028703e-007  -2.9774287e-008            
9.4029326e-007  -3.5177749e-008            
9.602995e-007  -4.3270799e-008            
9.8030574e-007  -4.4320013e-008            
1.000312e-006  -3.7245199e-008            
1.0203182e-006  -2.9343919e-008            
1.0403245e-006  -2.6220724e-008            
1.0603307e-006  -2.5416257e-008            
1.0803369e-006  -1.9285497e-008            
1.1003432e-006  -1.7546612e-008            
1.1203494e-006  -2.1562195e-008            
1.1403557e-006  -2.8501197e-008            
1.1603619e-006  -3.4200062e-008            
1.1803681e-006  -4.4325613e-008            
1.2003744e-006  -4.6269538e-008            
1.2203806e-006  -4.3461637e-008            
1.2403869e-006  -3.0942712e-008            
1.2603931e-006  -2.6767571e-008            
1.2803993e-006  -2.8029681e-008            
1.3004056e-006  -2.9839278e-008            
1.3204118e-006  -2.4583174e-008            
1.3404181e-006  -1.8658067e-008            
1.3604243e-006  -2.0001451e-008            
1.3804305e-006  -2.5410489e-008            
1.4004368e-006  -2.9199803e-008            
1.420443e-006  -3.4297496e-008            
1.4404493e-006  -4.1937941e-008            
1.4604555e-006  -4.3463628e-008            
1.4804617e-006  -3.8305331e-008            
1.500468e-006  -2.8719524e-008            
1.5204742e-006  -2.6614712e-008            
1.5404805e-006  -2.7892742e-008            
1.5604867e-006  -2.6888877e-008            
1.5804929e-006  -1.8935567e-008            
1.6004992e-006  -1.6616981e-008            
1.6205054e-006  -2.0722578e-008            
1.6405117e-006  -2.7663564e-008            
1.6605179e-006  -3.2902708e-008            
1.6805241e-006  -4.2519157e-008            
1.7005304e-006  -4.6133021e-008            
1.7205366e-006  -4.5235294e-008            
1.7405429e-006  -3.5371678e-008            
1.7605491e-006  -2.6764671e-008            
1.7805553e-006  -2.6263196e-008            
1.8005616e-006  -2.7104529e-008            
1.8205678e-006  -2.0078508e-008            
1.8405741e-006  -1.5356405e-008            
1.8605803e-006  -1.7875754e-008            
1.8805865e-006  -2.3805061e-008            
1.9005928e-006  -2.8208841e-008            
1.920599e-006  -3.3735135e-008            
1.9406052e-006  -4.034354e-008            
1.9606115e-006  -4.0476399e-008            
1.9806177e-006  -3.2167996e-008            
2.000624e-006  -2.4799821e-008            
2.0206302e-006  -2.3955025e-008            
2.0406364e-006  -2.5731071e-008            
2.0606427e-006  -2.242426e-008            
2.0806489e-006  -1.6125205e-008            
2.1006552e-006  -1.7025155e-008            
2.1206614e-006  -2.176716e-008            
2.1406676e-006  -2.5806988e-008            
2.1606739e-006  -2.9666834e-008            
2.1806801e-006  -3.6572269e-008            
2.2006864e-006  -3.8709991e-008            
2.2206926e-006  -3.5108055e-008            
2.2406988e-006  -2.6002246e-008            
2.2607051e-006  -2.2988876e-008            
2.2807113e-006  -2.4560285e-008            
2.3007176e-006  -2.3669487e-008            
2.3207238e-006  -1.5823424e-008            
2.34073e-006  -1.3703948e-008            
2.3607363e-006  -1.748171e-008            
2.3807425e-006  -2.3363973e-008            
2.4007488e-006  -2.7126137e-008            
2.420755e-006  -3.3552371e-008            
2.4407612e-006  -3.8549101e-008            
2.4607675e-006  -3.6628526e-008            
2.4807737e-006  -2.6670954e-008            
2.50078e-006  -2.1265138e-008            
2.5207862e-006  -1.9399784e-008            
2.5407924e-006  -1.1662504e-008            
2.5607987e-006  -1.6873921e-009            
2.5808049e-006  1.9392582e-009            
2.6008112e-006  -5.1298964e-010            
2.6208174e-006  -6.867184e-009            
2.6408236e-006  -1.3170482e-008            
2.6608299e-006  -2.0789446e-008            
2.6808361e-006  -2.189552e-008            
2.7008424e-006  -1.3725257e-008            
2.7208486e-006  -5.5228323e-009            
