Profile 1             
0  1.2905614e-009            
1.0000067e-008  1.2664555e-009            
2.0000134e-008  1.2361346e-009            
3.0000201e-008  1.18059e-009            
4.0000268e-008  1.1538383e-009            
5.0000335e-008  1.1121465e-009            
6.0000401e-008  1.06459e-009            
7.0000468e-008  1.1244935e-009            
8.0000535e-008  1.1945471e-009            
9.0000602e-008  1.2279657e-009            
1.0000067e-007  1.2015023e-009            
1.1000074e-007  1.2250633e-009            
1.200008e-007  1.2308787e-009            
1.3000087e-007  1.1762641e-009            
1.4000094e-007  1.1371013e-009            
1.50001e-007  1.1410266e-009            
1.6000107e-007  1.1847034e-009            
1.7000114e-007  1.190546e-009            
1.800012e-007  1.1946992e-009            
1.9000127e-007  1.1956043e-009            
2.0000134e-007  1.2427829e-009            
2.1000141e-007  1.2650656e-009            
2.2000147e-007  1.2306016e-009            
2.3000154e-007  1.302397e-009            
2.4000161e-007  1.4478851e-009            
2.5000167e-007  1.4886913e-009            
2.6000174e-007  1.4618894e-009            
2.7000181e-007  1.5016318e-009            
2.8000187e-007  1.5134044e-009            
2.9000194e-007  1.5111786e-009            
3.0000201e-007  1.5164858e-009            
3.1000207e-007  1.503407e-009            
3.2000214e-007  1.558878e-009            
3.3000221e-007  1.6984197e-009            
3.4000227e-007  1.7742246e-009            
3.5000234e-007  1.8050132e-009            
3.6000241e-007  1.7729522e-009            
3.7000248e-007  1.7620406e-009            
3.8000254e-007  1.760405e-009            
3.9000261e-007  1.7168361e-009            
4.0000268e-007  1.2061936e-009            
4.1000274e-007  -4.4501945e-010            
4.2000281e-007  -3.2593078e-009            
4.3000288e-007  -7.0214478e-009            
4.4000294e-007  -1.1751878e-008            
4.5000301e-007  -1.757993e-008            
4.6000308e-007  -2.4337245e-008            
4.7000314e-007  -3.1371083e-008            
4.8000321e-007  -3.8246667e-008            
4.9000328e-007  -4.3873118e-008            
5.0000335e-007  -4.6793189e-008            
5.1000341e-007  -4.7754177e-008            
5.2000348e-007  -4.8128721e-008            
5.3000355e-007  -4.8318354e-008            
5.4000361e-007  -4.8249841e-008            
5.5000368e-007  -4.8070551e-008            
5.6000375e-007  -4.7897369e-008            
5.7000381e-007  -4.7605585e-008            
5.8000388e-007  -4.6895765e-008            
5.9000395e-007  -4.5598175e-008            
6.0000401e-007  -4.329082e-008            
6.1000408e-007  -3.80844e-008            
6.2000415e-007  -2.8557622e-008            
6.3000422e-007  -1.7872403e-008            
6.4000428e-007  -9.0857985e-009            
6.5000435e-007  -3.1004407e-009            
6.6000442e-007  7.1269796e-011            
6.7000448e-007  1.0541413e-009            
6.8000455e-007  2.4759367e-010            
6.9000462e-007  -1.9976769e-009            
7.0000468e-007  -5.3878361e-009            
7.1000475e-007  -9.8728421e-009            
7.2000482e-007  -1.5237993e-008            
7.3000488e-007  -2.1369066e-008            
7.4000495e-007  -2.7977563e-008            
7.5000502e-007  -3.4521895e-008            
7.6000508e-007  -4.0414255e-008            
7.7000515e-007  -4.4758765e-008            
7.8000522e-007  -4.7094352e-008            
7.9000529e-007  -4.8000333e-008            
8.0000535e-007  -4.8299578e-008            
8.1000542e-007  -4.8365217e-008            
8.2000549e-007  -4.8287052e-008            
8.3000555e-007  -4.807244e-008            
8.4000562e-007  -4.7801223e-008            
8.5000569e-007  -4.7542393e-008            
8.6000575e-007  -4.7178103e-008            
8.7000582e-007  -4.6314978e-008            
8.8000589e-007  -4.4610937e-008            
8.9000595e-007  -4.1293899e-008            
9.0000602e-007  -3.5781492e-008            
9.1000609e-007  -2.8258126e-008            
9.2000616e-007  -1.903848e-008            
9.3000622e-007  -1.0122658e-008            
9.4000629e-007  -3.7328332e-009            
9.5000636e-007  -1.020867e-010            
9.6000642e-007  1.33271e-009            
9.7000649e-007  1.1521726e-009            
9.8000656e-007  -4.8942729e-010            
9.9000662e-007  -3.4341527e-009            
1.0000067e-006  -7.5190739e-009            
1.0100068e-006  -1.2615142e-008            
1.0200068e-006  -1.8757428e-008            
1.0300069e-006  -2.5687702e-008            
1.040007e-006  -3.2940088e-008            
1.050007e-006  -3.9812238e-008            
1.0600071e-006  -4.4970867e-008            
1.0700072e-006  -4.749864e-008            
1.0800072e-006  -4.8342694e-008            
1.0900073e-006  -4.8628741e-008            
1.1000074e-006  -4.8657119e-008            
1.1100074e-006  -4.862238e-008            
1.1200075e-006  -4.848383e-008            
1.1300076e-006  -4.8274889e-008            
1.1400076e-006  -4.7991441e-008            
1.1500077e-006  -4.7600908e-008            
1.1600078e-006  -4.6852323e-008            
1.1700078e-006  -4.5232253e-008            
1.1800079e-006  -4.2352889e-008            
1.190008e-006  -3.6787407e-008            
1.200008e-006  -2.7245011e-008            
1.2100081e-006  -1.6375683e-008            
1.2200082e-006  -7.8394976e-009            
1.2300082e-006  -2.3611057e-009            
1.2400083e-006  2.2807758e-010            
1.2500084e-006  4.5514858e-010            
1.2600084e-006  -9.9205709e-010            
1.2700085e-006  -3.780206e-009            
1.2800086e-006  -7.5773752e-009            
1.2900086e-006  -1.2435297e-008            
1.3000087e-006  -1.8270389e-008            
1.3100088e-006  -2.4753329e-008            
1.3200088e-006  -3.1597248e-008            
1.3300089e-006  -3.7974729e-008            
1.340009e-006  -4.3113008e-008            
1.350009e-006  -4.6486366e-008            
1.3600091e-006  -4.8045782e-008            
1.3700092e-006  -4.8614698e-008            
1.3800092e-006  -4.8780544e-008            
1.3900093e-006  -4.8699868e-008            
1.4000094e-006  -4.8559698e-008            
1.4100094e-006  -4.8403968e-008            
1.4200095e-006  -4.8169003e-008            
1.4300096e-006  -4.7863681e-008            
1.4400096e-006  -4.7384216e-008            
1.4500097e-006  -4.6428862e-008            
1.4600098e-006  -4.4553259e-008            
1.4700098e-006  -4.0432014e-008            
1.4800099e-006  -3.1547068e-008            
1.49001e-006  -2.0099088e-008            
1.50001e-006  -1.0594161e-008            
1.5100101e-006  -4.2024041e-009            
1.5200102e-006  -5.4569702e-010            
1.5300102e-006  9.4660221e-010            
1.5400103e-006  6.4153872e-010            
1.5500104e-006  -1.351424e-009            
1.5600104e-006  -4.6009004e-009            
1.5700105e-006  -8.9169601e-009            
1.5800106e-006  -1.423287e-008            
1.5900106e-006  -2.0316924e-008            
1.6000107e-006  -2.6988185e-008            
1.6100108e-006  -3.3475497e-008            
1.6200108e-006  -3.94622e-008            
1.6300109e-006  -4.4417446e-008            
1.640011e-006  -4.7118933e-008            
1.650011e-006  -4.7992124e-008            
1.6600111e-006  -4.8086243e-008            
1.6700112e-006  -4.8026776e-008            
1.6800112e-006  -4.7993319e-008            
1.6900113e-006  -4.7936997e-008            
1.7000114e-006  -4.7817195e-008            
1.7100114e-006  -4.7662726e-008            
1.7200115e-006  -4.7351431e-008            
1.7300116e-006  -4.6793315e-008            
1.7400116e-006  -4.5927272e-008            
1.7500117e-006  -4.4381167e-008            
1.7600118e-006  -4.1481188e-008            
1.7700118e-006  -3.6145434e-008            
1.7800119e-006  -2.7297225e-008            
1.790012e-006  -1.6950163e-008            
1.800012e-006  -8.2028654e-009            
1.8100121e-006  -2.2968319e-009            
1.8200122e-006  5.660639e-010            
1.8300122e-006  1.0418853e-009            
1.8400123e-006  -1.5717989e-010            
1.8500124e-006  -2.7642664e-009            
1.8600124e-006  -6.7067897e-009            
1.8700125e-006  -1.184564e-008            
1.8800126e-006  -1.8065376e-008            
1.8900126e-006  -2.5044261e-008            
1.9000127e-006  -3.2245246e-008            
1.9100128e-006  -3.9024272e-008            
1.9200128e-006  -4.4221895e-008            
1.9300129e-006  -4.7177664e-008            
1.940013e-006  -4.8428019e-008            
1.950013e-006  -4.8758532e-008            
1.9600131e-006  -4.873292e-008            
1.9700132e-006  -4.8641725e-008            
1.9800132e-006  -4.8562755e-008            
1.9900133e-006  -4.8405053e-008            
2.0000134e-006  -4.811722e-008            
2.0100134e-006  -4.7655154e-008            
2.0200135e-006  -4.6964763e-008            
2.0300136e-006  -4.5832485e-008            
2.0400136e-006  -4.3463878e-008            
2.0500137e-006  -3.7792426e-008            
2.0600138e-006  -2.8104101e-008            
2.0700138e-006  -1.7424725e-008            
2.0800139e-006  -8.8012123e-009            
2.090014e-006  -2.8601949e-009            
2.1000141e-006  4.5453808e-010            
2.1100141e-006  1.5281354e-009            
2.1200142e-006  9.1965788e-010            
2.1300143e-006  -1.217068e-009            
2.1400143e-006  -4.6464511e-009            
2.1500144e-006  -8.9083415e-009            
2.1600145e-006  -1.4129584e-008            
2.1700145e-006  -2.0124123e-008            
2.1800146e-006  -2.6501045e-008            
2.1900147e-006  -3.311866e-008            
2.2000147e-006  -3.912007e-008            
2.2100148e-006  -4.3545446e-008            
2.2200149e-006  -4.6181306e-008            
2.2300149e-006  -4.7465367e-008            
2.240015e-006  -4.7951035e-008            
2.2500151e-006  -4.806155e-008            
2.2600151e-006  -4.7982754e-008            
2.2700152e-006  -4.787197e-008            
2.2800153e-006  -4.7772721e-008            
2.2900153e-006  -4.7603986e-008            
2.3000154e-006  -4.7260126e-008            
2.3100155e-006  -4.6552448e-008            
2.3200155e-006  -4.5249457e-008            
2.3300156e-006  -4.2676475e-008            
2.3400157e-006  -3.7771427e-008            
2.3500157e-006  -3.0614152e-008            
2.3600158e-006  -2.1519607e-008            
2.3700159e-006  -1.175587e-008            
2.3800159e-006  -4.1917964e-009            
2.390016e-006  4.3629839e-011            
2.4000161e-006  1.6973666e-009            
2.4100161e-006  1.4736313e-009            
2.4200162e-006  -2.2793733e-010            
2.4300163e-006  -3.1341865e-009            
2.4400163e-006  -7.3152435e-009            
2.4500164e-006  -1.2584004e-008            
2.4600165e-006  -1.8838322e-008            
2.4700165e-006  -2.5814925e-008            
2.4800166e-006  -3.291259e-008            
2.4900167e-006  -3.959142e-008            
2.5000167e-006  -4.4493909e-008            
2.5100168e-006  -4.6928761e-008            
2.5200169e-006  -4.7835704e-008            
2.5300169e-006  -4.8135887e-008            
2.540017e-006  -4.8082271e-008            
2.5500171e-006  -4.7979696e-008            
2.5600171e-006  -4.7807112e-008            
2.5700172e-006  -4.7593135e-008            
2.5800173e-006  -4.7380625e-008            
2.5900173e-006  -4.7039366e-008            
2.6000174e-006  -4.6350766e-008            
2.6100175e-006  -4.4965586e-008            
2.6200175e-006  -4.2512795e-008            
2.6300176e-006  -3.8234366e-008            
2.6400177e-006  -3.043087e-008            
2.6500177e-006  -1.9989733e-008            
2.6600178e-006  -1.031977e-008            
2.6700179e-006  -3.4268837e-009            
2.6800179e-006  2.1540963e-010            
2.690018e-006  1.2060299e-009            
2.7000181e-006  3.8226718e-010            
2.7100181e-006  -1.9239748e-009            
2.7200182e-006  -5.5693011e-009            
2.7300183e-006  -1.0397872e-008            
2.7400183e-006  -1.6233905e-008            
2.7500184e-006  -2.2633908e-008            
2.7600185e-006  -2.9354741e-008            
2.7700185e-006  -3.5934806e-008            
2.7800186e-006  -4.1392215e-008            
2.7900187e-006  -4.5151078e-008            
2.8000187e-006  -4.6963509e-008            
2.8100188e-006  -4.7458308e-008            
2.8200189e-006  -4.7577187e-008            
2.8300189e-006  -4.7601287e-008            
2.840019e-006  -4.7532886e-008            
2.8500191e-006  -4.7415665e-008            
2.8600191e-006  -4.7170424e-008            
2.8700192e-006  -4.6819268e-008            
2.8800193e-006  -4.6291334e-008            
2.8900193e-006  -4.5421073e-008            
2.9000194e-006  -4.3700685e-008            
2.9100195e-006  -3.9692827e-008            
2.9200195e-006  -3.120784e-008            
2.9300196e-006  -1.9968344e-008            
2.9400197e-006  -1.0312678e-008            
2.9500197e-006  -3.7219932e-009            
2.9600198e-006  1.8498717e-010            
2.9700199e-006  1.9720938e-009            
2.9800199e-006  2.1921705e-009            
2.99002e-006  9.6050736e-010            
3.0000201e-006  -1.6642224e-009            
3.0100201e-006  -5.2975285e-009            
3.0200202e-006  -9.9142964e-009            
3.0300203e-006  -1.5626894e-008            
3.0400203e-006  -2.1931371e-008            
3.0500204e-006  -2.8410608e-008            
3.0600205e-006  -3.4820963e-008            
3.0700205e-006  -4.078403e-008            
3.0800206e-006  -4.5050271e-008            
3.0900207e-006  -4.6919251e-008            
3.1000207e-006  -4.744367e-008            
3.1100208e-006  -4.7559356e-008            
3.1200209e-006  -4.7514902e-008            
3.1300209e-006  -4.7487653e-008            
3.140021e-006  -4.7410736e-008            
3.1500211e-006  -4.72417e-008            
3.1600211e-006  -4.6917389e-008            
3.1700212e-006  -4.6389e-008            
3.1800213e-006  -4.5490296e-008            
3.1900213e-006  -4.3795206e-008            
3.2000214e-006  -4.0907448e-008            
3.2100215e-006  -3.5752946e-008            
3.2200215e-006  -2.7110826e-008            
3.2300216e-006  -1.6766968e-008            
3.2400217e-006  -7.6678838e-009            
3.2500217e-006  -1.5365714e-009            
3.2600218e-006  1.4199039e-009            
3.2700219e-006  2.038633e-009            
3.2800219e-006  9.8246867e-010            
3.290022e-006  -1.5230428e-009            
3.3000221e-006  -5.2179681e-009            
3.3100221e-006  -1.0016015e-008            
3.3200222e-006  -1.5773382e-008            
3.3300223e-006  -2.2411378e-008            
3.3400223e-006  -2.9387718e-008            
3.3500224e-006  -3.6215975e-008            
3.3600225e-006  -4.2053875e-008            
3.3700225e-006  -4.5562544e-008            
3.3800226e-006  -4.700182e-008            
3.3900227e-006  -4.7601627e-008            
3.4000227e-006  -4.7822723e-008            
3.4100228e-006  -4.7803118e-008            
3.4200229e-006  -4.7771428e-008            
3.4300229e-006  -4.7798064e-008            
3.440023e-006  -4.7732985e-008            
3.4500231e-006  -4.7475624e-008            
3.4600231e-006  -4.6858468e-008            
3.4700232e-006  -4.57199e-008            
3.4800233e-006  -4.3741112e-008            
3.4900234e-006  -3.9656196e-008            
3.5000234e-006  -3.1291213e-008            
3.5100235e-006  -2.0210239e-008            
3.5200236e-006  -1.0468554e-008            
3.5300236e-006  -3.6468966e-009            
3.5400237e-006  2.2229512e-010            
3.5500238e-006  1.5259341e-009            
3.5600238e-006  9.247518e-010            
3.5700239e-006  -1.3712031e-009            
3.580024e-006  -4.9303006e-009            
3.590024e-006  -9.4603667e-009            
3.6000241e-006  -1.4873152e-008            
3.6100242e-006  -2.1050797e-008            
3.6200242e-006  -2.7618652e-008            
3.6300243e-006  -3.4205973e-008            
3.6400244e-006  -4.0042659e-008            
3.6500244e-006  -4.4304667e-008            
3.6600245e-006  -4.6637358e-008            
3.6700246e-006  -4.7454792e-008            
3.6800246e-006  -4.7659132e-008            
3.6900247e-006  -4.7638752e-008            
3.7000248e-006  -4.7488476e-008            
3.7100248e-006  -4.7315443e-008            
3.7200249e-006  -4.7122012e-008            
3.730025e-006  -4.6952462e-008            
3.740025e-006  -4.6661148e-008            
3.7500251e-006  -4.6017805e-008            
3.7600252e-006  -4.4934361e-008            
3.7700252e-006  -4.292578e-008            
3.7800253e-006  -3.8685873e-008            
3.7900254e-006  -3.2167595e-008            
3.8000254e-006  -2.3783978e-008            
3.8100255e-006  -1.4472762e-008            
3.8200256e-006  -6.2914916e-009            
3.8300256e-006  -9.3488447e-010            
3.8400257e-006  1.500471e-009            
3.8500258e-006  1.844129e-009            
3.8600258e-006  5.7515469e-010            
3.8700259e-006  -2.313292e-009            
3.880026e-006  -6.5094458e-009            
3.890026e-006  -1.1864912e-008            
3.9000261e-006  -1.8236745e-008            
3.9100262e-006  -2.5324475e-008            
3.9200262e-006  -3.2615132e-008            
3.9300263e-006  -3.9473054e-008            
3.9400264e-006  -4.4544611e-008            
3.9500264e-006  -4.6922674e-008            
3.9600265e-006  -4.7663303e-008            
3.9700266e-006  -4.8000568e-008            
3.9800266e-006  -4.802544e-008            
3.9900267e-006  -4.7852773e-008            
4.0000268e-006  -4.7642141e-008            
4.0100268e-006  -4.7368513e-008            
4.0200269e-006  -4.7058253e-008            
4.030027e-006  -4.6663851e-008            
4.040027e-006  -4.600289e-008            
4.0500271e-006  -4.4629106e-008            
4.0600272e-006  -4.1997947e-008            
4.0700272e-006  -3.6930854e-008            
4.0800273e-006  -2.7953668e-008            
4.0900274e-006  -1.7255647e-008            
4.1000274e-006  -8.2282854e-009            
4.1100275e-006  -2.1951049e-009            
4.1200276e-006  7.4563501e-010            
4.1300276e-006  1.4364918e-009            
4.1400277e-006  5.0609311e-010            
4.1500278e-006  -1.8274472e-009            
4.1600278e-006  -5.3078274e-009            
4.1700279e-006  -9.8178404e-009            
4.180028e-006  -1.5208352e-008            
4.190028e-006  -2.1387791e-008            
4.2000281e-006  -2.8105688e-008            
4.2100282e-006  -3.4669276e-008            
4.2200282e-006  -4.0443819e-008            
4.2300283e-006  -4.4663181e-008            
4.2400284e-006  -4.6986959e-008            
4.2500284e-006  -4.7925984e-008            
4.2600285e-006  -4.8118212e-008            
4.2700286e-006  -4.8035161e-008            
4.2800286e-006  -4.7916962e-008            
4.2900287e-006  -4.7779749e-008            
4.3000288e-006  -4.7610573e-008            
4.3100288e-006  -4.7317249e-008            
4.3200289e-006  -4.6739706e-008            
4.330029e-006  -4.5792469e-008            
4.340029e-006  -4.3964379e-008            
4.3500291e-006  -3.9681905e-008            
4.3600292e-006  -3.0665421e-008            
4.3700292e-006  -1.9256765e-008            
4.3800293e-006  -9.6868966e-009            
4.3900294e-006  -3.2926449e-009            
4.4000294e-006  3.3861945e-010            
4.4100295e-006  1.857183e-009            
4.4200296e-006  1.6840489e-009            
4.4300296e-006  6.718686e-011            
4.4400297e-006  -2.8334363e-009            
4.4500298e-006  -6.8501497e-009            
4.4600298e-006  -1.1777698e-008            
4.4700299e-006  -1.7625035e-008            
4.48003e-006  -2.4111742e-008            
4.49003e-006  -3.0734802e-008            
4.5000301e-006  -3.713632e-008            
4.5100302e-006  -4.2575917e-008            
4.5200302e-006  -4.5943153e-008            
4.5300303e-006  -4.7348511e-008            
4.5400304e-006  -4.7869526e-008            
4.5500304e-006  -4.7998116e-008            
4.5600305e-006  -4.7913593e-008            
4.5700306e-006  -4.7801455e-008            
4.5800306e-006  -4.7706652e-008            
4.5900307e-006  -4.7502393e-008            
4.6000308e-006  -4.7161351e-008            
4.6100308e-006  -4.667199e-008            
4.6200309e-006  -4.5912625e-008            
4.630031e-006  -4.461206e-008            
4.640031e-006  -4.1896007e-008            
4.6500311e-006  -3.6837516e-008            
4.6600312e-006  -2.8352389e-008            
4.6700312e-006  -1.7893114e-008            
4.6800313e-006  -8.5517275e-009            
4.6900314e-006  -2.2013428e-009            
4.7000314e-006  7.873036e-010            
4.7100315e-006  1.2630812e-009            
4.7200316e-006  8.3003039e-011            
4.7300316e-006  -2.5332635e-009            
4.7400317e-006  -6.2586518e-009            
4.7500318e-006  -1.1065039e-008            
4.7600318e-006  -1.7040561e-008            
4.7700319e-006  -2.3810569e-008            
4.780032e-006  -3.0939986e-008            
4.790032e-006  -3.7733104e-008            
4.8000321e-006  -4.3049493e-008            
4.8100322e-006  -4.6053382e-008            
4.8200322e-006  -4.7274009e-008            
4.8300323e-006  -4.7672451e-008            
4.8400324e-006  -4.7766814e-008            
4.8500324e-006  -4.7799275e-008            
4.8600325e-006  -4.7753426e-008            
4.8700326e-006  -4.7646479e-008            
4.8800327e-006  -4.746857e-008            
4.8900327e-006  -4.7248512e-008            
4.9000328e-006  -4.6838439e-008            
4.9100329e-006  -4.595973e-008            
4.9200329e-006  -4.4092367e-008            
4.930033e-006  -3.989016e-008            
4.9400331e-006  -3.1221635e-008            
4.9500331e-006  -2.0188001e-008            
4.9600332e-006  -1.0755863e-008            
4.9700333e-006  -4.2036868e-009            
4.9800333e-006  -4.6097704e-010            
4.9900334e-006  8.0020438e-010            
5.0000335e-006  2.1728353e-010            
5.0100335e-006  -1.8982075e-009            
5.0200336e-006  -5.2971172e-009            
5.0300337e-006  -9.7489589e-009            
5.0400337e-006  -1.5115663e-008            
5.0500338e-006  -2.1030066e-008            
5.0600339e-006  -2.7455489e-008            
5.0700339e-006  -3.4108121e-008            
5.080034e-006  -4.0168228e-008            
5.0900341e-006  -4.4666028e-008            
5.1000341e-006  -4.7038387e-008            
5.1100342e-006  -4.7870409e-008            
5.1200343e-006  -4.8049611e-008            
5.1300343e-006  -4.799955e-008            
5.1400344e-006  -4.7884899e-008            
5.1500345e-006  -4.7823591e-008            
5.1600345e-006  -4.7760546e-008            
5.1700346e-006  -4.7572019e-008            
5.1800347e-006  -4.7223379e-008            
5.1900347e-006  -4.6614073e-008            
5.2000348e-006  -4.5515647e-008            
5.2100349e-006  -4.345407e-008            
5.2200349e-006  -3.916507e-008            
5.230035e-006  -3.2717855e-008            
5.2400351e-006  -2.4196461e-008            
5.2500351e-006  -1.4246028e-008            
5.2600352e-006  -5.8165118e-009            
5.2700353e-006  -6.7244293e-010            
5.2800353e-006  1.5312779e-009            
5.2900354e-006  1.6542395e-009            
5.3000355e-006  2.3558689e-010            
5.3100355e-006  -2.560142e-009            
5.3200356e-006  -6.5231156e-009            
5.3300357e-006  -1.1539866e-008            
5.3400357e-006  -1.7723549e-008            
5.3500358e-006  -2.4726503e-008            
5.3600359e-006  -3.1989924e-008            
5.3700359e-006  -3.8944614e-008            
5.380036e-006  -4.4355609e-008            
5.3900361e-006  -4.7186805e-008            
5.4000361e-006  -4.8165281e-008            
5.4100362e-006  -4.8452947e-008            
5.4200363e-006  -4.8432021e-008            
5.4300363e-006  -4.8317983e-008            
5.4400364e-006  -4.8197835e-008            
5.4500365e-006  -4.8044487e-008            
5.4600365e-006  -4.7868133e-008            
5.4700366e-006  -4.7581113e-008            
5.4800367e-006  -4.6800077e-008            
5.4900367e-006  -4.5349417e-008            
5.5000368e-006  -4.2831538e-008            
5.5100369e-006  -3.8171389e-008            
5.5200369e-006  -2.9707414e-008            
5.530037e-006  -1.9126224e-008            
5.5400371e-006  -9.869628e-009            
5.5500371e-006  -3.3227358e-009            
5.5600372e-006  2.6231577e-010            
5.5700373e-006  1.4083416e-009            
5.5800373e-006  8.1003409e-010            
5.5900374e-006  -1.3287589e-009            
5.6000375e-006  -4.7078297e-009            
5.6100375e-006  -9.0161124e-009            
5.6200376e-006  -1.4353331e-008            
5.6300377e-006  -2.0478372e-008            
5.6400377e-006  -2.7184548e-008            
5.6500378e-006  -3.3903067e-008            
5.6600379e-006  -3.9843039e-008            
5.6700379e-006  -4.4282302e-008            
5.680038e-006  -4.6794671e-008            
5.6900381e-006  -4.7814378e-008            
5.7000381e-006  -4.8053448e-008            
5.7100382e-006  -4.8127804e-008            
5.7200383e-006  -4.8232856e-008            
5.7300383e-006  -4.8246448e-008            
5.7400384e-006  -4.8116186e-008            
5.7500385e-006  -4.7869179e-008            
5.7600385e-006  -4.7361829e-008            
5.7700386e-006  -4.6392895e-008            
5.7800387e-006  -4.4631011e-008            
5.7900387e-006  -4.1058715e-008            
5.8000388e-006  -3.3150124e-008            
5.8100389e-006  -2.1751257e-008            
5.8200389e-006  -1.1457516e-008            
5.830039e-006  -4.4049143e-009            
5.8400391e-006  -3.389166e-010            
5.8500391e-006  1.3679893e-009            
5.8600392e-006  1.3397597e-009            
5.8700393e-006  -2.0076027e-010            
5.8800393e-006  -3.1618015e-009            
5.8900394e-006  -7.1161234e-009            
5.9000395e-006  -1.2005469e-008            
5.9100395e-006  -1.7731126e-008            
5.9200396e-006  -2.4097096e-008            
5.9300397e-006  -3.0689103e-008            
5.9400397e-006  -3.7049534e-008            
5.9500398e-006  -4.2636102e-008            
5.9600399e-006  -4.6297782e-008            
5.9700399e-006  -4.7807403e-008            
5.98004e-006  -4.8186346e-008            
5.9900401e-006  -4.8241917e-008            
6.0000401e-006  -4.817913e-008            
6.0100402e-006  -4.8032988e-008            
6.0200403e-006  -4.7826042e-008            
6.0300403e-006  -4.760907e-008            
6.0400404e-006  -4.7381638e-008            
6.0500405e-006  -4.712286e-008            
6.0600405e-006  -4.661337e-008            
6.0700406e-006  -4.5549397e-008            
6.0800407e-006  -4.3392466e-008            
6.0900407e-006  -3.9394047e-008            
6.1000408e-006  -3.2432146e-008            
6.1100409e-006  -2.2510945e-008            
6.1200409e-006  -1.2488056e-008            
6.130041e-006  -4.8529092e-009            
6.1400411e-006  -5.0833287e-010            
6.1500411e-006  8.6320408e-010            
6.1600412e-006  1.8042464e-010            
6.1700413e-006  -2.1541972e-009            
6.1800413e-006  -5.8101715e-009            
6.1900414e-006  -1.0490921e-008            
6.2000415e-006  -1.6335121e-008            
6.2100415e-006  -2.3080683e-008            
6.2200416e-006  -3.0124315e-008            
6.2300417e-006  -3.7055962e-008            
6.2400417e-006  -4.2779565e-008            
6.2500418e-006  -4.6153427e-008            
6.2600419e-006  -4.7609267e-008            
6.270042e-006  -4.8081513e-008            
6.280042e-006  -4.8133444e-008            
6.2900421e-006  -4.8058332e-008            
6.3000422e-006  -4.7933627e-008            
6.3100422e-006  -4.7769431e-008            
6.3200423e-006  -4.7575707e-008            
6.3300424e-006  -4.7327619e-008            
6.3400424e-006  -4.689517e-008            
6.3500425e-006  -4.5940302e-008            
6.3600426e-006  -4.4066213e-008            
6.3700426e-006  -4.0191547e-008            
6.3800427e-006  -3.2209323e-008            
6.3900428e-006  -2.1592425e-008            
6.4000428e-006  -1.2169253e-008            
6.4100429e-006  -5.3732586e-009            
6.420043e-006  -1.2034001e-009            
6.430043e-006  6.3399523e-010            
6.4400431e-006  5.9151304e-010            
6.4500432e-006  -1.096686e-009            
6.4600432e-006  -4.0526523e-009            
6.4700433e-006  -8.0697481e-009            
6.4800434e-006  -1.3103784e-008            
6.4900434e-006  -1.8960598e-008            
6.5000435e-006  -2.5408421e-008            
6.5100436e-006  -3.2109033e-008            
6.5200436e-006  -3.827363e-008            
6.5300437e-006  -4.3204001e-008            
6.5400438e-006  -4.6324776e-008            
6.5500438e-006  -4.7641966e-008            
6.5600439e-006  -4.8058623e-008            
6.570044e-006  -4.8190714e-008            
6.580044e-006  -4.8169364e-008            
6.5900441e-006  -4.8057977e-008            
6.6000442e-006  -4.7938328e-008            
6.6100442e-006  -4.7764757e-008            
6.6200443e-006  -4.7455858e-008            
6.6300444e-006  -4.68407e-008            
6.6400444e-006  -4.5698581e-008            
6.6500445e-006  -4.3604747e-008            
6.6600446e-006  -3.9514658e-008            
6.6700446e-006  -3.3156795e-008            
6.6800447e-006  -2.4743503e-008            
6.6900448e-006  -1.4992091e-008            
6.7000448e-006  -6.626841e-009            
6.7100449e-006  -1.3970356e-009            
6.720045e-006  1.0358805e-009            
6.730045e-006  1.4623861e-009            
6.7400451e-006  2.9202762e-010            
6.7500452e-006  -2.3684431e-009            
6.7600452e-006  -6.1912058e-009            
6.7700453e-006  -1.1120947e-008            
6.7800454e-006  -1.7139291e-008            
6.7900454e-006  -2.3937649e-008            
6.8000455e-006  -3.1034835e-008            
6.8100456e-006  -3.7852368e-008            
6.8200456e-006  -4.3448827e-008            
6.8300457e-006  -4.6728827e-008            
6.8400458e-006  -4.7916523e-008            
6.8500458e-006  -4.8242567e-008            
6.8600459e-006  -4.8326146e-008            
6.870046e-006  -4.8257728e-008            
6.880046e-006  -4.8091433e-008            
6.8900461e-006  -4.7951143e-008            
6.9000462e-006  -4.7758041e-008            
6.9100462e-006  -4.7454417e-008            
6.9200463e-006  -4.6934052e-008            
6.9300464e-006  -4.5851148e-008            
6.9400464e-006  -4.385737e-008            
6.9500465e-006  -4.0225506e-008            
6.9600466e-006  -3.3182671e-008            
6.9700466e-006  -2.2847445e-008            
6.9800467e-006  -1.265845e-008            
6.9900468e-006  -5.1911209e-009            
7.0000468e-006  -7.9832766e-010            
7.0100469e-006  9.4258602e-010            
7.020047e-006  7.4484044e-010            
7.030047e-006  -9.6045704e-010            
7.0400471e-006  -4.0351181e-009            
7.0500472e-006  -8.2303452e-009            
7.0600472e-006  -1.3501358e-008            
7.0700473e-006  -1.9817332e-008            
7.0800474e-006  -2.6622861e-008            
7.0900474e-006  -3.3582726e-008            
7.1000475e-006  -3.9805148e-008            
7.1100476e-006  -4.4286728e-008            
7.1200476e-006  -4.6846388e-008            
7.1300477e-006  -4.7911201e-008            
7.1400478e-006  -4.8247014e-008            
7.1500478e-006  -4.8388464e-008            
7.1600479e-006  -4.8442984e-008            
7.170048e-006  -4.832158e-008            
7.180048e-006  -4.8126959e-008            
7.1900481e-006  -4.7940115e-008            
7.2000482e-006  -4.7540573e-008            
7.2100482e-006  -4.6723877e-008            
7.2200483e-006  -4.5189004e-008            
7.2300484e-006  -4.1837741e-008            
7.2400484e-006  -3.4449623e-008            
7.2500485e-006  -2.3359084e-008            
7.2600486e-006  -1.2983715e-008            
7.2700486e-006  -5.7742274e-009            
7.2800487e-006  -1.2672891e-009            
7.2900488e-006  9.460394e-010            
7.3000488e-006  1.3174475e-009            
7.3100489e-006  2.2023212e-010            
7.320049e-006  -2.2375401e-009            
7.330049e-006  -5.8027108e-009            
7.3400491e-006  -1.0345464e-008            
7.3500492e-006  -1.5819329e-008            
7.3600492e-006  -2.1948611e-008            
7.3700493e-006  -2.8427773e-008            
7.3800494e-006  -3.47762e-008            
7.3900494e-006  -4.068391e-008            
7.4000495e-006  -4.5238456e-008            
7.4100496e-006  -4.7446803e-008            
7.4200496e-006  -4.8032845e-008            
7.4300497e-006  -4.8165181e-008            
7.4400498e-006  -4.801646e-008            
7.4500498e-006  -4.7874487e-008            
7.4600499e-006  -4.7839574e-008            
7.47005e-006  -4.7752871e-008            
7.48005e-006  -4.7637682e-008            
7.4900501e-006  -4.7281201e-008            
7.5000502e-006  -4.6533475e-008            
7.5100502e-006  -4.5183622e-008            
7.5200503e-006  -4.2638424e-008            
7.5300504e-006  -3.8116957e-008            
7.5400504e-006  -3.0259018e-008            
7.5500505e-006  -2.0111623e-008            
7.5600506e-006  -1.0799936e-008            
7.5700506e-006  -4.1945536e-009            
7.5800507e-006  -5.197967e-010            
7.5900508e-006  6.7494281e-010            
7.6000508e-006  1.9256639e-011            
7.6100509e-006  -2.263827e-009            
7.620051e-006  -5.8255545e-009            
7.630051e-006  -1.05039e-008            
7.6400511e-006  -1.6390228e-008            
7.6500512e-006  -2.3170434e-008            
7.6600512e-006  -3.0213619e-008            
7.6700513e-006  -3.70485e-008            
7.6800514e-006  -4.2666194e-008            
7.6900515e-006  -4.6097622e-008            
7.7000515e-006  -4.7629699e-008            
7.7100516e-006  -4.8195597e-008            
7.7200517e-006  -4.8335188e-008            
7.7300517e-006  -4.8278017e-008            
7.7400518e-006  -4.816422e-008            
7.7500519e-006  -4.8076037e-008            
7.7600519e-006  -4.7875604e-008            
7.770052e-006  -4.7611761e-008            
7.7800521e-006  -4.7256117e-008            
7.7900521e-006  -4.6411036e-008            
7.8000522e-006  -4.4676915e-008            
7.8100523e-006  -4.1217308e-008            
7.8200523e-006  -3.3808809e-008            
7.8300524e-006  -2.3220787e-008            
7.8400525e-006  -1.3068837e-008            
7.8500525e-006  -5.6915887e-009            
7.8600526e-006  -1.2372978e-009            
7.8700527e-006  8.4907428e-010            
7.8800527e-006  1.0149225e-009            
7.8900528e-006  -4.2204999e-010            
7.9000529e-006  -3.3176241e-009            
7.9100529e-006  -7.4842273e-009            
7.920053e-006  -1.2640839e-008            
7.9300531e-006  -1.8684879e-008            
7.9400531e-006  -2.5314133e-008            
7.9500532e-006  -3.2015346e-008            
7.9600533e-006  -3.8159351e-008            
7.9700533e-006  -4.3014855e-008            
7.9800534e-006  -4.6057014e-008            
7.9900535e-006  -4.7510349e-008            
8.0000535e-006  -4.8035954e-008            
8.0100536e-006  -4.8127999e-008            
8.0200537e-006  -4.7991389e-008            
8.0300537e-006  -4.7835475e-008            
8.0400538e-006  -4.7638696e-008            
8.0500539e-006  -4.7413058e-008            
8.0600539e-006  -4.707778e-008            
8.070054e-006  -4.6527637e-008            
8.0800541e-006  -4.5592918e-008            
8.0900541e-006  -4.3660556e-008            
8.1000542e-006  -3.9695969e-008            
8.1100543e-006  -3.3600079e-008            
8.1200543e-006  -2.5393385e-008            
8.1300544e-006  -1.5895998e-008            
8.1400545e-006  -7.5539196e-009            
8.1500545e-006  -1.9327466e-009            
8.1600546e-006  9.643489e-010            
8.1700547e-006  1.703693e-009            
8.1800547e-006  7.4769697e-010            
8.1900548e-006  -1.6622775e-009            
8.2000549e-006  -5.2908695e-009            
8.2100549e-006  -1.0100968e-008            
8.220055e-006  -1.5913929e-008            
8.2300551e-006  -2.2611843e-008            
8.2400551e-006  -2.9904466e-008            
8.2500552e-006  -3.7019426e-008            
8.2600553e-006  -4.2970929e-008            
8.2700553e-006  -4.6343744e-008            
8.2800554e-006  -4.7597359e-008            
8.2900555e-006  -4.8054321e-008            
8.3000555e-006  -4.818143e-008            
8.3100556e-006  -4.8183638e-008            
8.3200557e-006  -4.8148295e-008            
8.3300557e-006  -4.8070272e-008            
8.3400558e-006  -4.782723e-008            
8.3500559e-006  -4.7426524e-008            
8.3600559e-006  -4.6850685e-008            
8.370056e-006  -4.5876925e-008            
8.3800561e-006  -4.3841236e-008            
8.3900561e-006  -4.0052384e-008            
8.4000562e-006  -3.3093049e-008            
8.4100563e-006  -2.3142238e-008            
8.4200563e-006  -1.2988325e-008            
8.4300564e-006  -5.3169855e-009            
8.4400565e-006  -7.7541782e-010            
8.4500565e-006  1.0680325e-009            
8.4600566e-006  7.9773084e-010            
8.4700567e-006  -1.1874647e-009            
8.4800567e-006  -4.4659803e-009            
8.4900568e-006  -8.9689198e-009            
8.5000569e-006  -1.4461275e-008            
8.5100569e-006  -2.0748378e-008            
8.520057e-006  -2.7503495e-008            
8.5300571e-006  -3.4251815e-008            
8.5400571e-006  -4.02416e-008            
8.5500572e-006  -4.4516473e-008            
8.5600573e-006  -4.6959402e-008            
8.5700573e-006  -4.8077271e-008            
8.5800574e-006  -4.8384495e-008            
8.5900575e-006  -4.8359316e-008            
8.6000575e-006  -4.8253634e-008            
8.6100576e-006  -4.8155182e-008            
8.6200577e-006  -4.8085535e-008            
8.6300577e-006  -4.7906567e-008            
8.6400578e-006  -4.7461193e-008            
8.6500579e-006  -4.6681965e-008            
8.6600579e-006  -4.5219378e-008            
8.670058e-006  -4.2083532e-008            
8.6800581e-006  -3.4532686e-008            
8.6900581e-006  -2.3390356e-008            
8.7000582e-006  -1.3058847e-008            
8.7100583e-006  -5.6426573e-009            
8.7200583e-006  -1.0197936e-009            
8.7300584e-006  1.2323291e-009            
8.7400585e-006  1.6061868e-009            
8.7500585e-006  3.3896977e-010            
8.7600586e-006  -2.3119667e-009            
8.7700587e-006  -6.0546839e-009            
8.7800587e-006  -1.0850944e-008            
8.7900588e-006  -1.6526132e-008            
8.8000589e-006  -2.285002e-008            
8.8100589e-006  -2.9536942e-008            
8.820059e-006  -3.598691e-008            
8.8300591e-006  -4.1575357e-008            
8.8400591e-006  -4.5621824e-008            
8.8500592e-006  -4.7567258e-008            
8.8600593e-006  -4.8096799e-008            
8.8700593e-006  -4.8194847e-008            
8.8800594e-006  -4.8172601e-008            
8.8900595e-006  -4.8129206e-008            
8.9000595e-006  -4.8167995e-008            
8.9100596e-006  -4.8138024e-008            
8.9200597e-006  -4.7904904e-008            
8.9300597e-006  -4.7473778e-008            
8.9400598e-006  -4.6775574e-008            
8.9500599e-006  -4.5448891e-008            
8.9600599e-006  -4.292821e-008            
8.97006e-006  -3.8549454e-008            
8.9800601e-006  -3.0895319e-008            
8.9900601e-006  -2.0772314e-008            
9.0000602e-006  -1.1154979e-008            
9.0100603e-006  -4.0778159e-009            
9.0200603e-006  -1.9097821e-010            
9.0300604e-006  9.9774971e-010            
9.0400605e-006  2.6908726e-010            
9.0500605e-006  -2.0559816e-009            
9.0600606e-006  -5.649621e-009            
9.0700607e-006  -1.0343352e-008            
9.0800608e-006  -1.6076546e-008            
9.0900608e-006  -2.2667168e-008            
9.1000609e-006  -2.978502e-008            
9.110061e-006  -3.6725616e-008            
9.120061e-006  -4.2622496e-008            
9.1300611e-006  -4.6252887e-008            
9.1400612e-006  -4.7781305e-008            
9.1500612e-006  -4.8442994e-008            
9.1600613e-006  -4.8700466e-008            
9.1700614e-006  -4.8821219e-008            
9.1800614e-006  -4.8930481e-008            
9.1900615e-006  -4.8947881e-008            
9.2000616e-006  -4.8816535e-008            
9.2100616e-006  -4.853809e-008            
9.2200617e-006  -4.7977387e-008            
9.2300618e-006  -4.7023482e-008            
9.2400618e-006  -4.544981e-008            
9.2500619e-006  -4.229199e-008            
9.260062e-006  -3.5421345e-008            
9.270062e-006  -2.4977362e-008            
9.2800621e-006  -1.446511e-008            
9.2900622e-006  -6.451222e-009            
9.3000622e-006  -1.5242634e-009            
9.3100623e-006  6.5882575e-010            
9.3200624e-006  7.496891e-010            
9.3300624e-006  -9.7118613e-010            
9.3400625e-006  -4.1525316e-009            
9.3500626e-006  -8.4500675e-009            
9.3600626e-006  -1.3783329e-008            
9.3700627e-006  -1.994396e-008            
9.3800628e-006  -2.6695882e-008            
9.3900628e-006  -3.3453444e-008            
9.4000629e-006  -3.9497481e-008            
9.410063e-006  -4.4057347e-008            
9.420063e-006  -4.6696705e-008            
9.4300631e-006  -4.7906513e-008            
9.4400632e-006  -4.8309614e-008            
9.4500632e-006  -4.835588e-008            
9.4600633e-006  -4.827053e-008            
9.4700634e-006  -4.817416e-008            
9.4800634e-006  -4.80894e-008            
9.4900635e-006  -4.7983697e-008            
9.5000636e-006  -4.7801289e-008            
9.5100636e-006  -4.7464238e-008            
9.5200637e-006  -4.6794543e-008            
9.5300638e-006  -4.5496048e-008            
9.5400638e-006  -4.2900019e-008            
9.5500639e-006  -3.8493222e-008            
9.560064e-006  -3.1487531e-008            
9.570064e-006  -2.2038496e-008            
9.5800641e-006  -1.2478381e-008            
9.5900642e-006  -5.0856411e-009            
9.6000642e-006  -7.0900348e-010            
9.6100643e-006  9.9713024e-010            
9.6200644e-006  6.4040829e-010            
9.6300644e-006  -1.3959626e-009            
9.6400645e-006  -4.876316e-009            
9.6500646e-006  -9.58152e-009            
9.6600646e-006  -1.5455099e-008            
9.6700647e-006  -2.2309254e-008            
9.6800648e-006  -2.9642309e-008            
9.6900648e-006  -3.6781624e-008            
9.7000649e-006  -4.2966433e-008            
9.710065e-006  -4.6865728e-008            
9.720065e-006  -4.8304132e-008            
9.7300651e-006  -4.8615417e-008            
9.7400652e-006  -4.8626284e-008            
9.7500652e-006  -4.8503698e-008            
9.7600653e-006  -4.834576e-008            
9.7700654e-006  -4.8241054e-008            
9.7800654e-006  -4.810336e-008            
9.7900655e-006  -4.7842843e-008            
9.8000656e-006  -4.7283387e-008            
9.8100656e-006  -4.6134138e-008            
9.8200657e-006  -4.3834499e-008            
9.8300658e-006  -3.9687426e-008            
9.8400658e-006  -3.1943438e-008            
9.8500659e-006  -2.1307314e-008            
9.860066e-006  -1.1726523e-008            
9.870066e-006  -5.0214514e-009            
9.8800661e-006  -1.0327482e-009            
9.8900662e-006  4.7305291e-010            
9.9000662e-006  9.6440252e-011            
9.9100663e-006  -1.859422e-009            
9.9200664e-006  -5.2077844e-009            
9.9300664e-006  -9.5428064e-009            
9.9400665e-006  -1.4886223e-008            
9.9500666e-006  -2.0997569e-008            
9.9600666e-006  -2.7560861e-008            
9.9700667e-006  -3.428068e-008            
9.9800668e-006  -4.033539e-008            
9.9900668e-006  -4.4803454e-008            
1.0000067e-005  -4.7318655e-008            
1.0010067e-005  -4.8448458e-008            
1.0020067e-005  -4.8782791e-008            
1.0030067e-005  -4.8783272e-008            
1.0040067e-005  -4.8773681e-008            
1.0050067e-005  -4.8814326e-008            
1.0060067e-005  -4.8768829e-008            
1.0070067e-005  -4.8630999e-008            
1.0080067e-005  -4.8342685e-008            
1.0090068e-005  -4.7716891e-008            
1.0100068e-005  -4.6528157e-008            
1.0110068e-005  -4.4204829e-008            
1.0120068e-005  -3.8673948e-008            
1.0130068e-005  -2.8923107e-008            
1.0140068e-005  -1.8007442e-008            
1.0150068e-005  -8.8905977e-009            
1.0160068e-005  -2.8970174e-009            
1.0170068e-005  -5.1539951e-011            
1.0180068e-005  4.0570269e-010            
1.0190068e-005  -1.0481538e-009            
1.0200068e-005  -4.0462694e-009            
1.0210068e-005  -8.2716941e-009            
1.0220068e-005  -1.3606371e-008            
1.0230068e-005  -1.9706932e-008            
1.0240069e-005  -2.6291606e-008            
1.0250069e-005  -3.2964259e-008            
1.0260069e-005  -3.9100006e-008            
1.0270069e-005  -4.4084769e-008            
1.0280069e-005  -4.7138496e-008            
1.0290069e-005  -4.8482891e-008            
1.0300069e-005  -4.896051e-008            
1.0310069e-005  -4.9084508e-008            
1.0320069e-005  -4.9076912e-008            
1.0330069e-005  -4.9049885e-008            
1.0340069e-005  -4.9006983e-008            
1.0350069e-005  -4.8968609e-008            
1.0360069e-005  -4.8874831e-008            
1.0370069e-005  -4.8528634e-008            
1.0380069e-005  -4.7872421e-008            
1.039007e-005  -4.6707362e-008            
1.040007e-005  -4.4596047e-008            
1.041007e-005  -4.0874391e-008            
1.042007e-005  -3.4239091e-008            
1.043007e-005  -2.4404228e-008            
1.044007e-005  -1.4143877e-008            
1.045007e-005  -6.2052769e-009            
1.046007e-005  -1.3690395e-009            
1.047007e-005  5.9642859e-010            
1.048007e-005  4.0026034e-010            
1.049007e-005  -1.6099014e-009            
1.050007e-005  -5.1844304e-009            
1.051007e-005  -1.0000808e-008            
1.052007e-005  -1.5864062e-008            
1.053007e-005  -2.2622667e-008            
1.0540071e-005  -2.9865701e-008            
1.0550071e-005  -3.7007919e-008            
1.0560071e-005  -4.3107469e-008            
1.0570071e-005  -4.6902088e-008            
1.0580071e-005  -4.8522559e-008            
1.0590071e-005  -4.9122838e-008            
1.0600071e-005  -4.9275215e-008            
1.0610071e-005  -4.9196954e-008            
1.0620071e-005  -4.9062446e-008            
1.0630071e-005  -4.9009578e-008            
1.0640071e-005  -4.8908223e-008            
1.0650071e-005  -4.8695114e-008            
1.0660071e-005  -4.8255789e-008            
1.0670071e-005  -4.7422987e-008            
1.0680071e-005  -4.584001e-008            
1.0690072e-005  -4.2520422e-008            
1.0700072e-005  -3.5302935e-008            
1.0710072e-005  -2.455115e-008            
1.0720072e-005  -1.4262255e-008            
1.0730072e-005  -6.827546e-009            
1.0740072e-005  -2.1660125e-009            
1.0750072e-005  5.072737e-011            
1.0760072e-005  1.9112828e-010            
1.0770072e-005  -1.3400923e-009            
1.0780072e-005  -4.280132e-009            
1.0790072e-005  -8.4240372e-009            
1.0800072e-005  -1.3652823e-008            
1.0810072e-005  -1.9860377e-008            
1.0820072e-005  -2.6495565e-008            
1.0830072e-005  -3.3192907e-008            
1.0840073e-005  -3.9325202e-008            
1.0850073e-005  -4.42596e-008            
1.0860073e-005  -4.736707e-008            
1.0870073e-005  -4.8638324e-008            
1.0880073e-005  -4.8918703e-008            
1.0890073e-005  -4.8929254e-008            
1.0900073e-005  -4.8975516e-008            
1.0910073e-005  -4.8947478e-008            
1.0920073e-005  -4.8817559e-008            
1.0930073e-005  -4.8712418e-008            
1.0940073e-005  -4.8548618e-008            
1.0950073e-005  -4.821257e-008            
1.0960073e-005  -4.7647015e-008            
1.0970073e-005  -4.6465719e-008            
1.0980073e-005  -4.3988715e-008            
1.0990074e-005  -3.966178e-008            
1.1000074e-005  -3.2199857e-008            
1.1010074e-005  -2.1947047e-008            
1.1020074e-005  -1.1955395e-008            
1.1030074e-005  -4.9625662e-009            
1.1040074e-005  -1.1745501e-009            
1.1050074e-005  -7.8247188e-011            
1.1060074e-005  -1.1243646e-009            
1.1070074e-005  -3.6728161e-009            
1.1080074e-005  -7.589394e-009            
1.1090074e-005  -1.2813337e-008            
1.1100074e-005  -1.9097952e-008            
1.1110074e-005  -2.6066437e-008            
1.1120074e-005  -3.3162659e-008            
1.1130074e-005  -3.9912909e-008            
1.1140075e-005  -4.5206952e-008            
1.1150075e-005  -4.7967805e-008            
1.1160075e-005  -4.8895739e-008            
1.1170075e-005  -4.9119551e-008            
1.1180075e-005  -4.9122065e-008            
1.1190075e-005  -4.9134615e-008            
1.1200075e-005  -4.9088201e-008            
1.1210075e-005  -4.8976759e-008            
1.1220075e-005  -4.8804309e-008            
1.1230075e-005  -4.8461145e-008            
1.1240075e-005  -4.7794397e-008            
1.1250075e-005  -4.6658558e-008            
1.1260075e-005  -4.4637396e-008            
1.1270075e-005  -4.0757614e-008            
1.1280075e-005  -3.3425737e-008            
1.1290076e-005  -2.3022247e-008            
1.1300076e-005  -1.3112616e-008            
1.1310076e-005  -5.9528575e-009            
1.1320076e-005  -1.4424458e-009            
1.1330076e-005  6.242723e-010            
1.1340076e-005  6.8763963e-010            
1.1350076e-005  -1.0208715e-009            
1.1360076e-005  -4.256333e-009            
1.1370076e-005  -8.6495902e-009            
1.1380076e-005  -1.4130599e-008            
1.1390076e-005  -2.050721e-008            
1.1400076e-005  -2.734965e-008            
1.1410076e-005  -3.4346052e-008            
1.1420076e-005  -4.0566938e-008            
1.1430076e-005  -4.5256215e-008            
1.1440077e-005  -4.8105564e-008            
1.1450077e-005  -4.9225119e-008            
1.1460077e-005  -4.948476e-008            
1.1470077e-005  -4.9520002e-008            
1.1480077e-005  -4.9410051e-008            
1.1490077e-005  -4.9266582e-008            
1.1500077e-005  -4.9143308e-008            
1.1510077e-005  -4.9009213e-008            
1.1520077e-005  -4.8747367e-008            
1.1530077e-005  -4.8237566e-008            
1.1540077e-005  -4.7234684e-008            
1.1550077e-005  -4.5159576e-008            
1.1560077e-005  -4.0578072e-008            
1.1570077e-005  -3.2676279e-008            
1.1580077e-005  -2.287643e-008            
1.1590078e-005  -1.3049669e-008            
1.1600078e-005  -5.2989714e-009            
1.1610078e-005  -9.6721336e-010            
1.1620078e-005  2.3724558e-010            
1.1630078e-005  -9.2778763e-010            
1.1640078e-005  -3.8299729e-009            
1.1650078e-005  -7.973731e-009            
1.1660078e-005  -1.3142307e-008            
1.1670078e-005  -1.9274867e-008            
1.1680078e-005  -2.585539e-008            
1.1690078e-005  -3.2556147e-008            
1.1700078e-005  -3.873151e-008            
1.1710078e-005  -4.3698107e-008            
1.1720078e-005  -4.6954644e-008            
1.1730078e-005  -4.8465955e-008            
1.1740079e-005  -4.8922308e-008            
1.1750079e-005  -4.9021599e-008            
1.1760079e-005  -4.9044221e-008            
1.1770079e-005  -4.9032016e-008            
1.1780079e-005  -4.9004789e-008            
1.1790079e-005  -4.8972923e-008            
1.1800079e-005  -4.8833756e-008            
1.1810079e-005  -4.8477413e-008            
1.1820079e-005  -4.7840004e-008            
1.1830079e-005  -4.6872632e-008            
1.1840079e-005  -4.5077412e-008            
1.1850079e-005  -4.1844337e-008            
1.1860079e-005  -3.5791942e-008            
1.1870079e-005  -2.6382993e-008            
1.1880079e-005  -1.5901781e-008            
1.189008e-005  -7.5033843e-009            
1.190008e-005  -2.3682134e-009            
1.191008e-005  -3.1708904e-010            
1.192008e-005  -6.9927431e-010            
1.193008e-005  -3.0199394e-009            
1.194008e-005  -6.931655e-009            
1.195008e-005  -1.2303341e-008            
1.196008e-005  -1.8907286e-008            
1.197008e-005  -2.6492783e-008            
1.198008e-005  -3.4058234e-008            
1.199008e-005  -4.0539749e-008            
1.200008e-005  -4.5172289e-008            
1.201008e-005  -4.7823044e-008            
1.202008e-005  -4.9192976e-008            
1.203008e-005  -4.9762857e-008            
1.2040081e-005  -4.9890666e-008            
1.2050081e-005  -4.9825672e-008            
1.2060081e-005  -4.9734852e-008            
1.2070081e-005  -4.9649565e-008            
1.2080081e-005  -4.9337022e-008            
1.2090081e-005  -4.8678908e-008            
1.2100081e-005  -4.756721e-008            
1.2110081e-005  -4.5128797e-008            
1.2120081e-005  -3.8751639e-008            
1.2130081e-005  -2.7480671e-008            
1.2140081e-005  -1.5817647e-008            
1.2150081e-005  -7.5948488e-009            
1.2160081e-005  -2.7591644e-009            
1.2170081e-005  -3.0213173e-010            
1.2180081e-005  6.3709236e-010            
1.2190082e-005  8.3242044e-010            
1.2200082e-005  7.9256169e-010            
1.2210082e-005  7.344124e-010            
1.2220082e-005  6.9773384e-010            
1.2230082e-005  6.5306106e-010            
1.2240082e-005  5.3875283e-010            
1.2250082e-005  3.9583243e-010            
1.2260082e-005  3.4764749e-010            
1.2270082e-005  2.9677348e-010            
1.2280082e-005  1.8959948e-010            
1.2290082e-005  9.5364864e-011            
1.2300082e-005  -1.8113397e-011            
1.2310082e-005  -9.0426354e-012            
1.2320082e-005  6.3690374e-011            
1.2330082e-005  1.0211919e-010            
1.2340083e-005  1.1761527e-010            
1.2350083e-005  1.1226603e-010            
1.2360083e-005  1.1083212e-010            
1.2370083e-005  1.1780828e-010            
1.2380083e-005  1.1119721e-010            
1.2390083e-005  8.8293139e-011            
1.2400083e-005  1.8867147e-011            
1.2410083e-005  -1.4841885e-010            
1.2420083e-005  -2.7746445e-010            
1.2430083e-005  -2.7171199e-010            
1.2440083e-005  -2.6592901e-010            
1.2450083e-005  -2.3055788e-010            
1.2460083e-005  -1.40101e-010            
1.2470083e-005  -1.0093357e-010            
1.2480083e-005  -1.5090605e-010            
1.2490084e-005  -2.3732915e-010            
1.2500084e-005  -2.7280052e-010            
1.2510084e-005  -2.14844e-010            
1.2520084e-005  -1.8547893e-010            
1.2530084e-005  -2.0278977e-010            
1.2540084e-005  -1.4325049e-010            
1.2550084e-005  -2.3209782e-011            
1.2560084e-005  2.2170801e-011            
1.2570084e-005  3.1086149e-012            
1.2580084e-005  2.528226e-011            
1.2590084e-005  1.4293986e-010            
1.2600084e-005  3.2638328e-010            
1.2610084e-005  4.6512124e-010            
1.2620084e-005  4.9283257e-010            
1.2630085e-005  4.7478391e-010            
