Profile 1             
0  1.3428494e-009            
1.0000642e-008  1.3276298e-009            
2.0001284e-008  1.4363004e-009            
3.0001926e-008  1.461571e-009            
4.0002568e-008  1.6184668e-009            
5.000321e-008  1.5243431e-009            
6.0003852e-008  1.3739025e-009            
7.0004494e-008  1.5087766e-009            
8.0005136e-008  1.717872e-009            
9.0005778e-008  1.8246604e-009            
1.0000642e-007  1.6762634e-009            
1.1000706e-007  1.4984458e-009            
1.200077e-007  1.5798539e-009            
1.3000835e-007  1.6746239e-009            
1.4000899e-007  1.6229723e-009            
1.5000963e-007  1.7403138e-009            
1.6001027e-007  1.5815849e-009            
1.7001091e-007  6.8307058e-010            
1.8001156e-007  -6.7726405e-010            
1.900122e-007  -2.9354651e-009            
2.0001284e-007  -5.6406714e-009            
2.1001348e-007  -9.125641e-009            
2.2001412e-007  -1.3306759e-008            
2.3001477e-007  -1.808385e-008            
2.4001541e-007  -2.2701678e-008            
2.5001605e-007  -2.7329331e-008            
2.6001669e-007  -3.1435242e-008            
2.7001733e-007  -3.5227008e-008            
2.8001798e-007  -3.6664559e-008            
2.9001862e-007  -3.7444208e-008            
3.0001926e-007  -3.7905453e-008            
3.100199e-007  -3.8150302e-008            
3.2002054e-007  -3.8281166e-008            
3.3002119e-007  -3.8550566e-008            
3.4002183e-007  -3.8884175e-008            
3.5002247e-007  -3.8062551e-008            
3.6002311e-007  -3.5625955e-008            
3.7002375e-007  -3.2559113e-008            
3.800244e-007  -2.7256471e-008            
3.9002504e-007  -2.0271933e-008            
4.0002568e-007  -1.4251839e-008            
4.1002632e-007  -9.7171721e-009            
4.2002696e-007  -6.0109555e-009            
4.3002761e-007  -3.4909115e-009            
4.4002825e-007  -1.3417849e-009            
4.5002889e-007  2.1900855e-011            
4.6002953e-007  8.5173292e-010            
4.7003017e-007  1.3498539e-009            
4.8003082e-007  1.292685e-009            
4.9003146e-007  4.1156849e-010            
5.000321e-007  -9.2656141e-010            
5.1003274e-007  -3.049444e-009            
5.2003338e-007  -5.815712e-009            
5.3003403e-007  -9.2040275e-009            
5.4003467e-007  -1.344047e-008            
5.5003531e-007  -1.8174172e-008            
5.6003595e-007  -2.2957954e-008            
5.7003659e-007  -2.7729027e-008            
5.8003724e-007  -3.1790918e-008            
5.9003788e-007  -3.4787203e-008            
6.0003852e-007  -3.657978e-008            
6.1003916e-007  -3.7798479e-008            
6.200398e-007  -3.8809193e-008            
6.3004045e-007  -3.9126076e-008            
6.4004109e-007  -3.9206466e-008            
6.5004173e-007  -3.887748e-008            
6.6004237e-007  -3.8039464e-008            
6.7004301e-007  -3.6098751e-008            
6.8004366e-007  -3.4308907e-008            
6.900443e-007  -3.1774666e-008            
7.0004494e-007  -2.6268951e-008            
7.1004558e-007  -1.9568474e-008            
7.2004622e-007  -1.4122189e-008            
7.3004687e-007  -9.7995745e-009            
7.4004751e-007  -6.3541339e-009            
7.5004815e-007  -3.9146347e-009            
7.6004879e-007  -1.7607815e-009            
7.7004943e-007  -2.6222814e-010            
7.8005008e-007  8.4843249e-010            
7.9005072e-007  1.127218e-009            
8.0005136e-007  1.0253951e-009            
8.10052e-007  3.1812472e-010            
8.2005264e-007  -1.0740276e-009            
8.3005328e-007  -3.3487842e-009            
8.4005393e-007  -6.6672807e-009            
8.5005457e-007  -1.0701757e-008            
8.6005521e-007  -1.5180232e-008            
8.7005585e-007  -2.0017248e-008            
8.8005649e-007  -2.4580476e-008            
8.9005714e-007  -2.9149348e-008            
9.0005778e-007  -3.3247632e-008            
9.1005842e-007  -3.626604e-008            
9.2005906e-007  -3.7733766e-008            
9.300597e-007  -3.8574209e-008            
9.4006035e-007  -3.8936279e-008            
9.5006099e-007  -3.8990088e-008            
9.6006163e-007  -3.9231658e-008            
9.7006227e-007  -3.933801e-008            
9.8006291e-007  -3.8850645e-008            
9.9006356e-007  -3.7539432e-008            
1.0000642e-006  -3.5366686e-008            
1.0100648e-006  -3.2073246e-008            
1.0200655e-006  -2.6824858e-008            
1.0300661e-006  -2.025426e-008            
1.0400668e-006  -1.510252e-008            
1.0500674e-006  -9.9428395e-009            
1.0600681e-006  -6.5603351e-009            
1.0700687e-006  -4.1524729e-009            
1.0800693e-006  -2.0663004e-009            
1.09007e-006  -4.5035494e-010            
1.1000706e-006  3.770812e-010            
1.1100713e-006  7.0379446e-010            
1.1200719e-006  6.2676112e-010            
1.1300725e-006  -1.1532548e-010            
1.1400732e-006  -1.5761869e-009            
1.1500738e-006  -3.5387459e-009            
1.1600745e-006  -6.3176902e-009            
1.1700751e-006  -9.8501799e-009            
1.1800758e-006  -1.3872389e-008            
1.1900764e-006  -1.7859682e-008            
1.200077e-006  -2.2730157e-008            
1.2100777e-006  -2.7385682e-008            
1.2200783e-006  -3.196731e-008            
1.230079e-006  -3.5896862e-008            
1.2400796e-006  -3.7494202e-008            
1.2500802e-006  -3.7575231e-008            
1.2600809e-006  -3.8181828e-008            
1.2700815e-006  -3.8575004e-008            
1.2800822e-006  -3.8891507e-008            
1.2900828e-006  -3.8896929e-008            
1.3000835e-006  -3.8072154e-008            
1.3100841e-006  -3.6630817e-008            
1.3200847e-006  -3.4754255e-008            
1.3300854e-006  -3.2705804e-008            
1.340086e-006  -2.7998041e-008            
1.3500867e-006  -2.138781e-008            
1.3600873e-006  -1.5581086e-008            
1.370088e-006  -1.0998598e-008            
1.3800886e-006  -7.2319215e-009            
1.3900892e-006  -4.2244041e-009            
1.4000899e-006  -2.0668017e-009            
1.4100905e-006  -4.5577739e-010            
1.4200912e-006  5.8239752e-010            
1.4300918e-006  9.495323e-010            
1.4400924e-006  3.7539476e-010            
1.4500931e-006  -9.0543759e-010            
1.4600937e-006  -2.5218331e-009            
1.4700944e-006  -5.0306928e-009            
1.480095e-006  -8.1742988e-009            
1.4900957e-006  -1.1881362e-008            
1.5000963e-006  -1.6022208e-008            
1.5100969e-006  -2.024828e-008            
1.5200976e-006  -2.4495497e-008            
1.5300982e-006  -2.8638792e-008            
1.5400989e-006  -3.2495484e-008            
1.5500995e-006  -3.5317902e-008            
1.5601002e-006  -3.7233848e-008            
1.5701008e-006  -3.829962e-008            
1.5801014e-006  -3.9396467e-008            
1.5901021e-006  -4.0377611e-008            
1.6001027e-006  -4.0622703e-008            
1.6101034e-006  -3.9788144e-008            
1.620104e-006  -3.8389947e-008            
1.6301046e-006  -3.7343298e-008            
1.6401053e-006  -3.5677344e-008            
1.6501059e-006  -3.1835927e-008            
1.6601066e-006  -2.6836365e-008            
1.6701072e-006  -2.1150694e-008            
1.6801079e-006  -1.5350953e-008            
1.6901085e-006  -1.0307461e-008            
1.7001091e-006  -6.6723797e-009            
1.7101098e-006  -3.8396078e-009            
1.7201104e-006  -1.7138611e-009            
1.7301111e-006  -3.8307825e-010            
1.7401117e-006  3.4887719e-010            
1.7501123e-006  9.1155767e-010            
1.760113e-006  8.3867582e-010            
1.7701136e-006  -1.8371053e-010            
1.7801143e-006  -1.6823751e-009            
1.7901149e-006  -4.2178716e-009            
1.8001156e-006  -7.6375083e-009            
1.8101162e-006  -1.1426368e-008            
1.8201168e-006  -1.5423565e-008            
1.8301175e-006  -2.0836537e-008            
1.8401181e-006  -2.5592342e-008            
1.8501188e-006  -2.9872312e-008            
1.8601194e-006  -3.4122084e-008            
1.8701201e-006  -3.7566957e-008            
1.8801207e-006  -3.9329215e-008            
1.8901213e-006  -4.03559e-008            
1.900122e-006  -4.1256237e-008            
1.9101226e-006  -4.1800121e-008            
1.9201233e-006  -4.1891106e-008            
1.9301239e-006  -4.196745e-008            
1.9401245e-006  -4.1592285e-008            
1.9501252e-006  -4.0888857e-008            
1.9601258e-006  -3.8457091e-008            
1.9701265e-006  -3.5350252e-008            
1.9801271e-006  -2.996099e-008            
1.9901278e-006  -2.2855501e-008            
2.0001284e-006  -1.7110715e-008            
2.010129e-006  -1.2480839e-008            
2.0201297e-006  -8.3735749e-009            
2.0301303e-006  -5.562403e-009            
2.040131e-006  -2.8382059e-009            
2.0501316e-006  -1.3099554e-009            
2.0601322e-006  -1.0682444e-010            
2.0701329e-006  5.742364e-010            
2.0801335e-006  7.2244408e-010            
2.0901342e-006  -1.3128533e-011            
2.1001348e-006  -1.4995402e-009            
2.1101355e-006  -3.7483887e-009            
2.1201361e-006  -6.7097991e-009            
2.1301367e-006  -1.0206877e-008            
2.1401374e-006  -1.4425237e-008            
2.150138e-006  -1.8833799e-008            
2.1601387e-006  -2.3435361e-008            
2.1701393e-006  -2.8059103e-008            
2.18014e-006  -3.2374619e-008            
2.1901406e-006  -3.6721201e-008            
2.2001412e-006  -3.9106524e-008            
2.2101419e-006  -3.9967637e-008            
2.2201425e-006  -4.0576656e-008            
2.2301432e-006  -4.1024309e-008            
2.2401438e-006  -4.1171424e-008            
2.2501444e-006  -4.1616157e-008            
2.2601451e-006  -4.1669202e-008            
2.2701457e-006  -4.0320375e-008            
2.2801464e-006  -3.7545247e-008            
2.290147e-006  -3.4045247e-008            
2.3001477e-006  -2.8442006e-008            
2.3101483e-006  -2.2325336e-008            
2.3201489e-006  -1.6639209e-008            
2.3301496e-006  -1.1779054e-008            
2.3401502e-006  -7.8086107e-009            
2.3501509e-006  -4.7522536e-009            
2.3601515e-006  -2.71486e-009            
2.3701522e-006  -9.6476668e-010            
2.3801528e-006  1.8326832e-010            
2.3901534e-006  4.9683016e-010            
2.4001541e-006  1.3375297e-010            
2.4101547e-006  -9.8881984e-010            
2.4201554e-006  -3.0173771e-009            
2.430156e-006  -5.605672e-009            
2.4401566e-006  -9.1193254e-009            
2.4501573e-006  -1.2709249e-008            
2.4601579e-006  -1.6858946e-008            
2.4701586e-006  -2.0896009e-008            
2.4801592e-006  -2.5107056e-008            
2.4901599e-006  -2.9155854e-008            
2.5001605e-006  -3.2780684e-008            
2.5101611e-006  -3.5876761e-008            
2.5201618e-006  -3.7923917e-008            
2.5301624e-006  -3.8712239e-008            
2.5401631e-006  -3.923453e-008            
2.5501637e-006  -3.9660615e-008            
2.5601643e-006  -4.0424042e-008            
2.570165e-006  -4.0469659e-008            
2.5801656e-006  -3.8911753e-008            
2.5901663e-006  -3.706058e-008            
2.6001669e-006  -3.4990746e-008            
2.6101676e-006  -3.0892569e-008            
2.6201682e-006  -2.622412e-008            
2.6301688e-006  -2.0271892e-008            
2.6401695e-006  -1.4650963e-008            
2.6501701e-006  -1.0038373e-008            
2.6601708e-006  -6.6812169e-009            
2.6701714e-006  -4.2034847e-009            
2.6801721e-006  -2.2264822e-009            
2.6901727e-006  -4.833332e-010            
2.7001733e-006  5.5370652e-011            
2.710174e-006  4.9980921e-010            
2.7201746e-006  1.1337236e-010            
2.7301753e-006  -1.1725324e-009            
2.7401759e-006  -3.1138232e-009            
2.7501765e-006  -5.1288685e-009            
2.7601772e-006  -7.8632632e-009            
2.7701778e-006  -1.1430655e-008            
2.7801785e-006  -1.5578565e-008            
2.7901791e-006  -2.0174229e-008            
2.8001798e-006  -2.5255936e-008            
2.8101804e-006  -2.9819034e-008            
2.820181e-006  -3.497279e-008            
2.8301817e-006  -3.8769971e-008            
2.8401823e-006  -4.0561561e-008            
2.850183e-006  -4.0814001e-008            
2.8601836e-006  -4.1071476e-008            
2.8701843e-006  -4.1539701e-008            
2.8801849e-006  -4.1857546e-008            
2.8901855e-006  -4.1862874e-008            
2.9001862e-006  -4.1273658e-008            
2.9101868e-006  -4.0102423e-008            
2.9201875e-006  -3.7368204e-008            
2.9301881e-006  -3.4077024e-008            
2.9401887e-006  -2.9987241e-008            
2.9501894e-006  -2.4797065e-008            
2.96019e-006  -1.889519e-008            
2.9701907e-006  -1.3398016e-008            
2.9801913e-006  -9.1308626e-009            
2.990192e-006  -5.8327357e-009            
3.0001926e-006  -3.4872e-009            
3.0101932e-006  -1.5420601e-009            
3.0201939e-006  -2.753038e-010            
3.0301945e-006  5.7020626e-010            
3.0401952e-006  6.8495577e-010            
3.0501958e-006  -3.0719568e-010            
3.0601964e-006  -1.9470767e-009            
3.0701971e-006  -4.373435e-009            
3.0801977e-006  -7.3455502e-009            
3.0901984e-006  -1.1016687e-008            
3.100199e-006  -1.5561364e-008            
3.1101997e-006  -2.1013894e-008            
3.1202003e-006  -2.6369542e-008            
3.1302009e-006  -3.1626327e-008            
3.1402016e-006  -3.5584437e-008            
3.1502022e-006  -3.8616322e-008            
3.1602029e-006  -4.0256932e-008            
3.1702035e-006  -4.0824829e-008            
3.1802042e-006  -4.1047385e-008            
3.1902048e-006  -4.1338293e-008            
3.2002054e-006  -4.1274682e-008            
3.2102061e-006  -4.144669e-008            
3.2202067e-006  -4.1855051e-008            
3.2302074e-006  -4.1549343e-008            
3.240208e-006  -3.9346856e-008            
3.2502086e-006  -3.669688e-008            
3.2602093e-006  -3.3108462e-008            
3.2702099e-006  -2.6393016e-008            
3.2802106e-006  -1.9824822e-008            
3.2902112e-006  -1.4594668e-008            
3.3002119e-006  -1.019783e-008            
3.3102125e-006  -7.2013341e-009            
3.3202131e-006  -4.8448158e-009            
3.3302138e-006  -3.1801584e-009            
3.3402144e-006  -1.6340911e-009            
3.3502151e-006  -8.8064066e-010            
3.3602157e-006  -4.3439512e-010            
3.3702163e-006  -4.4060864e-011            
3.380217e-006  1.2624188e-011            
3.3902176e-006  -5.627037e-012            
3.4002183e-006  -3.7449315e-010            
3.4102189e-006  -1.4521327e-010            
3.4202196e-006  2.1832015e-010            
3.4302202e-006  2.5317684e-010            
3.4402208e-006  2.3223705e-010            
3.4502215e-006  1.5865408e-010            
3.4602221e-006  -1.8099786e-011            
3.4702228e-006  9.8634192e-011            
3.4802234e-006  2.0987066e-010            
3.4902241e-006  8.3502599e-011            
3.5002247e-006  1.802771e-010            
3.5102253e-006  1.1834666e-010            
3.520226e-006  1.6176727e-011            
3.5302266e-006  5.1030941e-011            
