Profile 1             
0  6.0649628e-010            
1e-008  6.2162251e-010            
2e-008  6.254707e-010            
3e-008  5.9171647e-010            
4e-008  5.363276e-010            
5e-008  6.8354816e-010            
6e-008  6.4722848e-010            
7e-008  6.8750978e-010            
8e-008  7.9093749e-010            
9e-008  7.806961e-010            
1e-007  1.138587e-009            
1.1e-007  1.2570489e-009            
1.2e-007  1.4841951e-009            
1.3e-007  1.5920576e-009            
1.4e-007  1.5647127e-009            
1.5e-007  1.7270751e-009            
1.6e-007  1.9146207e-009            
1.7e-007  2.0861135e-009            
1.8e-007  2.0699496e-009            
1.9e-007  2.2474671e-009            
2e-007  2.4015312e-009            
2.1e-007  2.7781022e-009            
2.2e-007  3.4025536e-009            
2.3e-007  3.6928499e-009            
2.4e-007  3.6444886e-009            
2.5e-007  3.3923633e-009            
2.6e-007  1.8716856e-009            
2.7e-007  -7.6312447e-010            
2.8e-007  -4.5328656e-009            
2.9e-007  -1.0092794e-008            
3e-007  -1.6663759e-008            
3.1e-007  -2.4191776e-008            
3.2e-007  -3.181937e-008            
3.3e-007  -3.8081982e-008            
3.4e-007  -4.2107899e-008            
3.5e-007  -4.4843891e-008            
3.6e-007  -4.6494324e-008            
3.7e-007  -4.5087242e-008            
3.8e-007  -3.7805996e-008            
3.9e-007  -2.6051464e-008            
4e-007  -1.265883e-008            
4.1e-007  -4.4440794e-009            
4.2e-007  -5.9128863e-010            
4.3e-007  1.311968e-009            
4.4e-007  1.9063668e-009            
4.5e-007  2.2856639e-009            
4.6e-007  2.3845682e-009            
4.7e-007  2.4007642e-009            
4.8e-007  2.5966797e-009            
4.9e-007  2.4249654e-009            
5e-007  1.6510024e-009            
5.1e-007  -3.4831432e-010            
5.2e-007  -3.5252145e-009            
5.3e-007  -7.6266857e-009            
5.4e-007  -1.2632326e-008            
5.5e-007  -1.8464716e-008            
5.6e-007  -2.4349043e-008            
5.7e-007  -2.9798483e-008            
5.8e-007  -3.4614788e-008            
5.9e-007  -3.8015961e-008            
6e-007  -4.1342503e-008            
6.1e-007  -4.2690846e-008            
6.2e-007  -3.855159e-008            
6.3e-007  -2.9301649e-008            
6.4e-007  -1.5687986e-008            
6.5e-007  -6.2582684e-009            
6.6e-007  -1.7513318e-009            
6.7e-007  3.0613998e-010            
6.8e-007  8.9476973e-010            
6.9e-007  1.1716086e-009            
7e-007  1.4820894e-009            
7.1e-007  1.6914809e-009            
7.2e-007  1.7470058e-009            
7.3e-007  1.6551815e-009            
7.4e-007  1.3070442e-009            
7.5e-007  2.8292602e-010            
7.6e-007  -2.0654023e-009            
7.7e-007  -5.647151e-009            
7.8e-007  -1.0914805e-008            
7.9e-007  -1.7324337e-008            
8e-007  -2.3846848e-008            
8.1e-007  -3.0912695e-008            
8.2e-007  -3.5298611e-008            
8.3e-007  -3.869125e-008            
8.4e-007  -4.0463127e-008            
8.5e-007  -4.1145401e-008            
8.6e-007  -4.129971e-008            
8.7e-007  -3.9382927e-008            
8.8e-007  -3.0257271e-008            
8.9e-007  -1.5970898e-008            
9e-007  -6.7705455e-009            
9.1e-007  -2.4819579e-009            
9.2e-007  -1.5358347e-010            
9.3e-007  1.1339706e-009            
9.4e-007  1.8712723e-009            
9.5e-007  2.3722012e-009            
9.6e-007  2.5669632e-009            
9.7e-007  2.4266799e-009            
9.8e-007  2.3595743e-009            
9.9e-007  1.4121473e-009            
1e-006  -6.2722832e-010            
1.01e-006  -3.4886844e-009            
1.02e-006  -8.2533446e-009            
1.03e-006  -1.3650011e-008            
1.04e-006  -1.9478382e-008            
1.05e-006  -2.5824644e-008            
1.06e-006  -3.2349861e-008            
1.07e-006  -3.7871845e-008            
1.08e-006  -4.213163e-008            
1.09e-006  -4.5979027e-008            
1.1e-006  -4.5549942e-008            
1.11e-006  -3.9808461e-008            
1.12e-006  -3.4513592e-008            
1.13e-006  -2.6315397e-008            
1.14e-006  -1.4913396e-008            
1.15e-006  -7.6478558e-009            
1.16e-006  -3.6239901e-009            
1.17e-006  -1.4518433e-009            
1.18e-006  -1.0164625e-010            
1.19e-006  3.0231974e-010            
1.2e-006  7.5917483e-010            
1.21e-006  9.612493e-010            
1.22e-006  9.2547149e-010            
1.23e-006  4.611452e-010            
1.24e-006  -4.159624e-010            
1.25e-006  -1.8483536e-009            
1.26e-006  -3.6320274e-009            
1.27e-006  -6.4543214e-009            
1.28e-006  -1.085656e-008            
1.29e-006  -1.6634899e-008            
1.3e-006  -2.2315634e-008            
1.31e-006  -2.7655058e-008            
1.32e-006  -3.2931755e-008            
1.33e-006  -3.7079594e-008            
1.34e-006  -3.9738392e-008            
1.35e-006  -4.1321202e-008            
1.36e-006  -3.7390358e-008            
1.37e-006  -2.7576264e-008            
1.38e-006  -1.6563416e-008            
1.39e-006  -8.7131119e-009            
1.4e-006  -4.6055689e-009            
1.41e-006  -1.9587402e-009            
1.42e-006  -4.7463635e-010            
1.43e-006  2.312026e-010            
1.44e-006  8.2423956e-010            
1.45e-006  1.3769649e-009            
1.46e-006  1.5777686e-009            
1.47e-006  1.3047589e-009            
1.48e-006  5.0362844e-010            
1.49e-006  -1.0168399e-009            
1.5e-006  -4.2843795e-009            
1.51e-006  -8.5010787e-009            
1.52e-006  -1.3073708e-008            
1.53e-006  -1.8137879e-008            
1.54e-006  -2.2436691e-008            
1.55e-006  -2.6208056e-008            
1.56e-006  -2.9031618e-008            
1.57e-006  -3.1391642e-008            
1.58e-006  -3.3560959e-008            
1.59e-006  -3.5437989e-008            
1.6e-006  -3.688789e-008            
1.61e-006  -3.199099e-008            
1.62e-006  -2.3122614e-008            
1.63e-006  -1.4835907e-008            
1.64e-006  -9.9896451e-009            
1.65e-006  -5.4272318e-009            
1.66e-006  -2.0398214e-009            
1.67e-006  1.1515037e-009            
1.68e-006  3.3680833e-009            
1.69e-006  4.7063985e-009            
1.7e-006  5.2191558e-009            
1.71e-006  5.1739598e-009            
1.72e-006  4.1408458e-009            
1.73e-006  2.277427e-009            
1.74e-006  -2.695832e-010            
1.75e-006  -3.8875983e-009            
1.76e-006  -8.0631924e-009            
1.77e-006  -1.2562347e-008            
1.78e-006  -1.7420227e-008            
1.79e-006  -2.199252e-008            
1.8e-006  -2.6772042e-008            
1.81e-006  -3.2308068e-008            
1.82e-006  -3.7531544e-008            
1.83e-006  -4.2110493e-008            
1.84e-006  -4.4311055e-008            
1.85e-006  -4.3252526e-008            
1.86e-006  -3.297778e-008            
1.87e-006  -1.8241108e-008            
1.88e-006  -1.0665798e-008            
1.89e-006  -7.0997043e-009            
1.9e-006  -4.9193678e-009            
1.91e-006  -3.0156768e-009            
1.92e-006  -1.9070312e-009            
1.93e-006  -7.7887369e-010            
1.94e-006  8.7068461e-011            
1.95e-006  6.1391288e-010            
1.96e-006  4.9187246e-010            
1.97e-006  -6.5657586e-011            
1.98e-006  -1.7874888e-009            
1.99e-006  -4.2847615e-009            
2e-006  -7.5155497e-009            
2.01e-006  -1.2084704e-008            
2.02e-006  -1.751375e-008            
2.03e-006  -2.2474909e-008            
2.04e-006  -2.5718748e-008            
2.05e-006  -2.7714762e-008            
2.06e-006  -2.9726713e-008            
2.07e-006  -3.2078671e-008            
2.08e-006  -3.459454e-008            
2.09e-006  -3.6980896e-008            
2.1e-006  -3.7501541e-008            
2.11e-006  -2.7820772e-008            
2.12e-006  -1.5800341e-008            
2.13e-006  -9.4729796e-009            
2.14e-006  -6.053875e-009            
2.15e-006  -2.9922359e-009            
2.16e-006  -1.1429579e-009            
2.17e-006  -2.4600427e-010            
2.18e-006  4.4453055e-010            
2.19e-006  5.5886889e-010            
2.2e-006  1.3240907e-010            
2.21e-006  -6.487245e-010            
2.22e-006  -2.133997e-009            
2.23e-006  -4.3039756e-009            
2.24e-006  -6.8909765e-009            
2.25e-006  -1.0241337e-008            
2.26e-006  -1.5020854e-008            
2.27e-006  -1.9737244e-008            
2.28e-006  -2.5467461e-008            
2.29e-006  -2.9717623e-008            
2.3e-006  -3.4230278e-008            
2.31e-006  -3.8023133e-008            
2.32e-006  -4.150919e-008            
2.33e-006  -4.3848339e-008            
2.34e-006  -3.9747734e-008            
2.35e-006  -3.0863056e-008            
2.36e-006  -2.156274e-008            
2.37e-006  -1.4538156e-008            
2.38e-006  -9.3711177e-009            
2.39e-006  -5.572515e-009            
2.4e-006  -3.6668496e-009            
2.41e-006  -3.0308523e-009            
2.42e-006  -2.8104418e-009            
2.43e-006  -3.1299591e-009            
2.44e-006  -3.6708284e-009            
2.45e-006  -4.7290831e-009            
2.46e-006  -6.1875482e-009            
2.47e-006  -7.8262206e-009            
2.48e-006  -9.9432336e-009            
2.49e-006  -1.3651035e-008            
2.5e-006  -1.7876783e-008            
2.51e-006  -2.2292368e-008            
2.52e-006  -2.6907808e-008            
2.53e-006  -3.1412045e-008            
2.54e-006  -3.5089211e-008            
2.55e-006  -3.9386734e-008            
2.56e-006  -4.3362534e-008            
2.57e-006  -4.5318363e-008            
2.58e-006  -4.6418587e-008            
2.59e-006  -4.3527642e-008            
2.6e-006  -3.3375439e-008            
2.61e-006  -2.0996172e-008            
2.62e-006  -1.0566499e-008            
2.63e-006  -5.3146015e-009            
2.64e-006  -2.6779037e-009            
2.65e-006  -1.307515e-009            
2.66e-006  -3.8812471e-010            
2.67e-006  9.9391513e-011            
2.68e-006  1.7704651e-010            
2.69e-006  2.4750729e-010            
2.7e-006  4.4760582e-010            
2.71e-006  2.3827015e-010            
2.72e-006  1.2659331e-010            
2.73e-006  2.0603407e-010            
2.74e-006  2.204084e-010            
2.75e-006  2.252132e-010            
2.76e-006  1.1022423e-010            
2.77e-006  6.405966e-011            
2.78e-006  2.8481615e-010            
2.79e-006  3.3868572e-010            
2.8e-006  2.611635e-010            
2.81e-006  2.5156686e-010            
2.82e-006  -1.6606484e-012            
2.83e-006  -1.6333838e-010            
2.84e-006  1.6726406e-011            
2.85e-006  4.9101068e-012            
2.86e-006  5.0379739e-011            
