Profile 1             
0  -2.5944576e-009            
1.9996105e-008  -2.538964e-009            
3.999221e-008  -2.9782344e-009            
5.9988315e-008  -3.4096811e-009            
7.998442e-008  -3.996376e-009            
9.9980525e-008  -4.049705e-009            
1.1997663e-007  -3.767179e-009            
1.3997273e-007  -4.328253e-009            
1.5996884e-007  -4.5911356e-009            
1.7996494e-007  -3.7184534e-009            
1.9996105e-007  -3.2145095e-009            
2.1995715e-007  -3.4891614e-009            
2.3995326e-007  -3.4483975e-009            
2.5994936e-007  -3.8166975e-009            
2.7994547e-007  -2.4709535e-009            
2.9994157e-007  -1.3782889e-009            
3.1993768e-007  -2.3916592e-009            
3.3993378e-007  -3.3878384e-009            
3.5992989e-007  -3.234998e-009            
3.7992599e-007  -3.1190758e-009            
3.999221e-007  -3.2553276e-009            
4.199182e-007  -2.7311026e-009            
4.3991431e-007  -2.6394419e-009            
4.5991041e-007  -2.785383e-009            
4.7990652e-007  -1.7290177e-009            
4.9990262e-007  -1.0684663e-009            
5.1989873e-007  -1.7518244e-009            
5.3989483e-007  -2.3539535e-009            
5.5989094e-007  -3.0739089e-009            
5.7988704e-007  -3.463102e-009            
5.9988315e-007  -2.2969752e-009            
6.1987925e-007  -1.6584341e-009            
6.3987536e-007  -3.5348705e-009            
6.5987146e-007  -5.4761473e-009            
6.7986757e-007  -5.6875437e-009            
6.9986367e-007  -5.8314298e-009            
7.1985978e-007  -5.6270876e-009            
7.3985588e-007  -3.6692166e-009            
7.5985199e-007  -2.6115475e-009            
7.7984809e-007  -1.0658377e-008            
7.998442e-007  -2.468366e-008            
8.198403e-007  -3.8335211e-008            
8.3983641e-007  -5.4528376e-008            
8.5983251e-007  -6.6842468e-008            
8.7982862e-007  -6.7802779e-008            
8.9982472e-007  -6.1892518e-008            
9.1982083e-007  -5.4534579e-008            
9.3981693e-007  -5.3369734e-008            
9.5981304e-007  -6.3051614e-008            
9.7980914e-007  -7.5801227e-008            
9.9980525e-007  -8.7155319e-008            
1.0198014e-006  -9.3357108e-008            
1.0397975e-006  -9.1478115e-008            
1.0597936e-006  -8.4380376e-008            
1.0797897e-006  -7.5868481e-008            
1.0997858e-006  -6.7337494e-008            
1.1197819e-006  -6.7310211e-008            
1.139778e-006  -7.8381014e-008            
1.1597741e-006  -9.0240871e-008            
1.1797702e-006  -9.7201811e-008            
1.1997663e-006  -9.858799e-008            
1.2197624e-006  -9.3251903e-008            
1.2397585e-006  -8.2847579e-008            
1.2597546e-006  -7.1299989e-008            
1.2797507e-006  -6.0801025e-008            
1.2997468e-006  -5.1695277e-008            
1.3197429e-006  -4.9050157e-008            
1.339739e-006  -5.6347109e-008            
1.3597351e-006  -6.7035579e-008            
1.3797312e-006  -7.9603136e-008            
1.3997273e-006  -9.0397088e-008            
1.4197234e-006  -9.1552733e-008            
1.4397196e-006  -8.4207436e-008            
1.4597157e-006  -7.4130753e-008            
1.4797118e-006  -6.4317511e-008            
1.4997079e-006  -5.5897136e-008            
1.519704e-006  -5.3987762e-008            
1.5397001e-006  -6.239825e-008            
1.5596962e-006  -7.3690144e-008            
1.5796923e-006  -8.3396757e-008            
1.5996884e-006  -8.6215571e-008            
1.6196845e-006  -8.0546307e-008            
1.6396806e-006  -7.1343842e-008            
1.6596767e-006  -6.1953634e-008            
1.6796728e-006  -5.3519121e-008            
1.6996689e-006  -5.0217801e-008            
1.719665e-006  -5.8182524e-008            
1.7396611e-006  -7.0994691e-008            
1.7596572e-006  -8.2497991e-008            
1.7796533e-006  -9.1450988e-008            
1.7996494e-006  -9.252227e-008            
1.8196455e-006  -8.5263505e-008            
1.8396417e-006  -7.5171321e-008            
1.8596378e-006  -6.5866118e-008            
1.8796339e-006  -5.8110407e-008            
1.89963e-006  -5.6586154e-008            
1.9196261e-006  -6.4710101e-008            
1.9396222e-006  -7.6516273e-008            
1.9596183e-006  -8.6969156e-008            
1.9796144e-006  -9.1477807e-008            
1.9996105e-006  -8.6793909e-008            
2.0196066e-006  -7.7575482e-008            
2.0396027e-006  -6.8326315e-008            
2.0595988e-006  -5.9974934e-008            
2.0795949e-006  -5.8926281e-008            
2.099591e-006  -6.8613307e-008            
2.1195871e-006  -8.0834801e-008            
2.1395832e-006  -9.097021e-008            
2.1595793e-006  -9.7125367e-008            
2.1795754e-006  -9.5927733e-008            
2.1995715e-006  -8.8566593e-008            
2.2195676e-006  -7.9383304e-008            
2.2395637e-006  -7.0432197e-008            
2.2595599e-006  -6.2084749e-008            
2.279556e-006  -5.9282691e-008            
2.2995521e-006  -6.8332338e-008            
2.3195482e-006  -8.1788872e-008            
2.3395443e-006  -9.2360242e-008            
2.3595404e-006  -9.7253639e-008            
2.3795365e-006  -9.3694557e-008            
2.3995326e-006  -8.4040793e-008            
2.4195287e-006  -7.2922419e-008            
2.4395248e-006  -6.2789515e-008            
2.4595209e-006  -5.4060613e-008            
2.479517e-006  -4.9491893e-008            
2.4995131e-006  -5.6367669e-008            
2.5195092e-006  -6.933947e-008            
2.5395053e-006  -8.1211257e-008            
2.5595014e-006  -8.7889642e-008            
2.5794975e-006  -8.4881056e-008            
2.5994936e-006  -7.5822193e-008            
2.6194897e-006  -6.6268469e-008            
2.6394858e-006  -5.8247682e-008            
2.659482e-006  -5.578467e-008            
2.6794781e-006  -6.3845062e-008            
2.6994742e-006  -7.6380376e-008            
2.7194703e-006  -8.7794164e-008            
2.7394664e-006  -9.482467e-008            
2.7594625e-006  -9.2442091e-008            
2.7794586e-006  -8.3016725e-008            
2.7994547e-006  -7.2139841e-008            
2.8194508e-006  -6.2615033e-008            
2.8394469e-006  -5.515963e-008            
2.859443e-006  -5.2791516e-008            
2.8794391e-006  -6.1566209e-008            
2.8994352e-006  -7.4419097e-008            
2.9194313e-006  -8.5717319e-008            
2.9394274e-006  -9.0504357e-008            
2.9594235e-006  -8.598596e-008            
2.9794196e-006  -7.697081e-008            
2.9994157e-006  -6.7884393e-008            
3.0194118e-006  -5.9576412e-008            
3.0394079e-006  -5.5152052e-008            
3.0594041e-006  -6.1972846e-008            
3.0794002e-006  -7.3969236e-008            
3.0993963e-006  -8.5599316e-008            
3.1193924e-006  -9.4541914e-008            
3.1393885e-006  -9.5325686e-008            
3.1593846e-006  -8.8087588e-008            
3.1793807e-006  -7.7806954e-008            
3.1993768e-006  -6.7901115e-008            
3.2193729e-006  -5.9378153e-008            
3.239369e-006  -5.521138e-008            
3.2593651e-006  -6.3024532e-008            
3.2793612e-006  -7.6091502e-008            
3.2993573e-006  -8.8498848e-008            
3.3193534e-006  -9.6257931e-008            
3.3393495e-006  -9.3552656e-008            
3.3593456e-006  -8.3532046e-008            
3.3793417e-006  -7.1920187e-008            
3.3993378e-006  -6.1022329e-008            
3.4193339e-006  -5.1889536e-008            
3.43933e-006  -4.8101367e-008            
3.4593261e-006  -5.6440276e-008            
3.4793223e-006  -6.9457092e-008            
3.4993184e-006  -8.1597918e-008            
3.5193145e-006  -8.7091023e-008            
3.5393106e-006  -8.2042162e-008            
3.5593067e-006  -7.225379e-008            
3.5793028e-006  -6.2654702e-008            
3.5992989e-006  -5.4702777e-008            
3.619295e-006  -5.0851543e-008            
3.6392911e-006  -5.681296e-008            
3.6592872e-006  -6.8176008e-008            
3.6792833e-006  -8.0597767e-008            
3.6992794e-006  -9.1560245e-008            
3.7192755e-006  -9.1746486e-008            
3.7392716e-006  -8.2798065e-008            
3.7592677e-006  -7.2039557e-008            
3.7792638e-006  -6.2095422e-008            
3.7992599e-006  -5.3559539e-008            
3.819256e-006  -4.9257528e-008            
3.8392521e-006  -5.8665688e-008            
3.8592482e-006  -7.2914732e-008            
3.8792444e-006  -8.3109934e-008            
3.8992405e-006  -8.3600313e-008            
3.9192366e-006  -7.5137898e-008            
3.9392327e-006  -6.3811109e-008            
3.9592288e-006  -5.321085e-008            
3.9792249e-006  -4.4104529e-008            
3.999221e-006  -3.8618629e-008            
4.0192171e-006  -4.3977641e-008            
4.0392132e-006  -5.56476e-008            
4.0592093e-006  -6.8732475e-008            
4.0792054e-006  -8.3357071e-008            
4.0992015e-006  -8.9620989e-008            
4.1191976e-006  -8.4986867e-008            
4.1391937e-006  -7.6204077e-008            
4.1591898e-006  -6.7249581e-008            
4.1791859e-006  -5.8947667e-008            
4.199182e-006  -5.5924844e-008            
4.2191781e-006  -6.523112e-008            
4.2391742e-006  -7.9251236e-008            
4.2591703e-006  -9.1142294e-008            
4.2791664e-006  -9.5211134e-008            
4.2991626e-006  -8.824432e-008            
4.3191587e-006  -7.5318661e-008            
4.3391548e-006  -6.2758138e-008            
4.3591509e-006  -5.2312129e-008            
4.379147e-006  -4.3787393e-008            
4.3991431e-006  -3.9903955e-008            
4.4191392e-006  -4.8004552e-008            
4.4391353e-006  -6.174741e-008            
4.4591314e-006  -7.513646e-008            
4.4791275e-006  -8.494547e-008            
4.4991236e-006  -8.4622676e-008            
4.5191197e-006  -7.7333419e-008            
4.5391158e-006  -6.9440223e-008            
4.5591119e-006  -6.2578959e-008            
4.579108e-006  -6.1694007e-008            
4.5991041e-006  -7.2446766e-008            
4.6191002e-006  -8.6165969e-008            
4.6390963e-006  -9.6068424e-008            
4.6590924e-006  -9.9844746e-008            
4.6790885e-006  -9.4637081e-008            
4.6990847e-006  -8.3447548e-008            
4.7190808e-006  -7.1090166e-008            
4.7390769e-006  -5.9840635e-008            
4.759073e-006  -5.0318304e-008            
4.7790691e-006  -4.3934824e-008            
4.7990652e-006  -5.0864348e-008            
4.8190613e-006  -6.4408636e-008            
4.8390574e-006  -7.5321708e-008            
4.8590535e-006  -7.9489134e-008            
4.8790496e-006  -7.4600969e-008            
4.8990457e-006  -6.5052982e-008            
4.9190418e-006  -5.4713712e-008            
4.9390379e-006  -4.4923995e-008            
4.959034e-006  -3.9343977e-008            
4.9790301e-006  -4.6795107e-008            
4.9990262e-006  -5.9988206e-008            
5.0190223e-006  -7.2858762e-008            
5.0390184e-006  -8.6090503e-008            
5.0590145e-006  -9.0447025e-008            
5.0790106e-006  -8.4252127e-008            
5.0990068e-006  -7.4556328e-008            
5.1190029e-006  -6.5065364e-008            
5.138999e-006  -5.6471232e-008            
5.1589951e-006  -5.4416174e-008            
5.1789912e-006  -6.4923485e-008            
5.1989873e-006  -7.8340654e-008            
5.2189834e-006  -8.9410153e-008            
5.2389795e-006  -9.4662027e-008            
5.2589756e-006  -8.965229e-008            
5.2789717e-006  -7.835925e-008            
5.2989678e-006  -6.6409677e-008            
5.3189639e-006  -5.5933623e-008            
5.33896e-006  -4.7400296e-008            
5.3589561e-006  -4.3377642e-008            
5.3789522e-006  -5.1131215e-008            
5.3989483e-006  -6.4024343e-008            
5.4189444e-006  -7.6003965e-008            
5.4389405e-006  -8.2117904e-008            
5.4589366e-006  -7.7974316e-008            
5.4789327e-006  -6.8728458e-008            
5.4989288e-006  -5.9090938e-008            
5.518925e-006  -5.0385868e-008            
5.5389211e-006  -4.7803971e-008            
5.5589172e-006  -5.6110899e-008            
5.5789133e-006  -6.8428601e-008            
5.5989094e-006  -8.0779944e-008            
5.6189055e-006  -9.1471536e-008            
5.6389016e-006  -9.2605098e-008            
5.6588977e-006  -8.5198349e-008            
5.6788938e-006  -7.521885e-008            
5.6988899e-006  -6.5202877e-008            
5.718886e-006  -5.6484556e-008            
5.7388821e-006  -5.270012e-008            
5.7588782e-006  -6.1277628e-008            
5.7788743e-006  -7.4998743e-008            
5.7988704e-006  -8.4562995e-008            
5.8188665e-006  -8.4897302e-008            
5.8388626e-006  -7.6270862e-008            
5.8588587e-006  -6.4286693e-008            
5.8788548e-006  -5.2518555e-008            
5.8988509e-006  -4.2547089e-008            
5.9188471e-006  -3.6978017e-008            
5.9388432e-006  -4.29887e-008            
5.9588393e-006  -5.5913159e-008            
5.9788354e-006  -7.0082974e-008            
5.9988315e-006  -8.5367698e-008            
6.0188276e-006  -9.2681009e-008            
6.0388237e-006  -8.8739379e-008            
6.0588198e-006  -8.0147862e-008            
6.0788159e-006  -7.1068323e-008            
6.098812e-006  -6.2900157e-008            
6.1188081e-006  -6.0117472e-008            
6.1388042e-006  -6.7657001e-008            
6.1588003e-006  -8.0244062e-008            
6.1787964e-006  -9.1000817e-008            
6.1987925e-006  -9.3118227e-008            
6.2187886e-006  -8.4273058e-008            
6.2387847e-006  -7.0720929e-008            
6.2587808e-006  -5.817004e-008            
6.2787769e-006  -4.7976998e-008            
6.298773e-006  -3.9424856e-008            
6.3187691e-006  -3.5275744e-008            
6.3387653e-006  -4.1880952e-008            
6.3587614e-006  -5.5508999e-008            
6.3787575e-006  -7.038148e-008            
6.3987536e-006  -8.0557703e-008            
6.4187497e-006  -8.0219881e-008            
6.4387458e-006  -7.3291845e-008            
6.4587419e-006  -6.5439079e-008            
6.478738e-006  -5.7591244e-008            
6.4987341e-006  -5.4697612e-008            
6.5187302e-006  -6.3129576e-008            
6.5387263e-006  -7.7276424e-008            
6.5587224e-006  -9.0440632e-008            
6.5787185e-006  -9.7196496e-008            
6.5987146e-006  -9.3574556e-008            
6.6187107e-006  -8.3233863e-008            
6.6387068e-006  -7.1658807e-008            
6.6587029e-006  -6.1051514e-008            
6.678699e-006  -5.1713093e-008            
6.6986951e-006  -4.7526562e-008            
6.7186912e-006  -5.5250263e-008            
6.7386874e-006  -6.9355897e-008            
6.7586835e-006  -8.0030128e-008            
6.7786796e-006  -8.191564e-008            
6.7986757e-006  -7.5260581e-008            
6.8186718e-006  -6.5422419e-008            
6.8386679e-006  -5.5691491e-008            
6.858664e-006  -4.7129201e-008            
6.8786601e-006  -4.6114904e-008            
6.8986562e-006  -5.5391757e-008            
6.9186523e-006  -6.8550888e-008            
6.9386484e-006  -8.2496729e-008            
6.9586445e-006  -9.2917428e-008            
6.9786406e-006  -9.2473138e-008            
6.9986367e-006  -8.3164899e-008            
7.0186328e-006  -7.1549982e-008            
7.0386289e-006  -6.0687942e-008            
7.058625e-006  -5.142253e-008            
7.0786211e-006  -4.7108937e-008            
7.0986172e-006  -5.3005126e-008            
7.1186133e-006  -6.5656624e-008            
7.1386095e-006  -7.8472376e-008            
7.1586056e-006  -8.6932286e-008            
7.1786017e-006  -8.5499461e-008            
7.1985978e-006  -7.645804e-008            
7.2185939e-006  -6.5917407e-008            
7.23859e-006  -5.6443432e-008            
7.2585861e-006  -4.8112287e-008            
7.2785822e-006  -4.5713496e-008            
7.2985783e-006  -5.4646424e-008            
7.3185744e-006  -6.854484e-008            
7.3385705e-006  -8.1136793e-008            
7.3585666e-006  -8.7637128e-008            
7.3785627e-006  -8.4588535e-008            
7.3985588e-006  -7.6233739e-008            
7.4185549e-006  -6.7101174e-008            
7.438551e-006  -5.8342175e-008            
7.4585471e-006  -5.5217429e-008            
7.4785432e-006  -6.4332014e-008            
7.4985393e-006  -7.9092694e-008            
7.5185354e-006  -9.1117103e-008            
7.5385315e-006  -9.6462749e-008            
7.5585277e-006  -9.2164328e-008            
7.5785238e-006  -8.1787891e-008            
7.5985199e-006  -7.0510918e-008            
7.618516e-006  -6.0004147e-008            
7.6385121e-006  -5.0523819e-008            
7.6585082e-006  -4.6633845e-008            
7.6785043e-006  -5.4923831e-008            
7.6985004e-006  -6.9068028e-008            
7.7184965e-006  -8.0188097e-008            
7.7384926e-006  -8.3173124e-008            
7.7584887e-006  -7.6833843e-008            
7.7784848e-006  -6.6458678e-008            
7.7984809e-006  -5.6278762e-008            
7.818477e-006  -4.7440967e-008            
7.8384731e-006  -4.3590188e-008            
7.8584692e-006  -5.1192148e-008            
7.8784653e-006  -6.5323492e-008            
7.8984614e-006  -7.9911946e-008            
7.9184575e-006  -9.2315065e-008            
7.9384536e-006  -9.5332272e-008            
7.9584498e-006  -8.8502557e-008            
7.9784459e-006  -7.8010888e-008            
7.998442e-006  -6.7791472e-008            
8.0184381e-006  -5.8761848e-008            
8.0384342e-006  -5.3537573e-008            
8.0584303e-006  -5.8951744e-008            
8.0784264e-006  -7.1653461e-008            
8.0984225e-006  -8.4285704e-008            
8.1184186e-006  -9.326954e-008            
8.1384147e-006  -9.2994584e-008            
8.1584108e-006  -8.4461064e-008            
8.1784069e-006  -7.3444306e-008            
8.198403e-006  -6.3124945e-008            
8.2183991e-006  -5.4227076e-008            
8.2383952e-006  -4.913814e-008            
8.2583913e-006  -5.5516849e-008            
8.2783874e-006  -6.9769904e-008            
8.2983835e-006  -8.2009937e-008            
8.3183796e-006  -8.6421722e-008            
8.3383757e-006  -8.1529391e-008            
8.3583718e-006  -7.1498009e-008            
8.378368e-006  -6.0833962e-008            
8.3983641e-006  -5.119096e-008            
8.4183602e-006  -4.6025349e-008            
8.4383563e-006  -5.2856513e-008            
8.4583524e-006  -6.6274454e-008            
8.4783485e-006  -7.2125323e-008            
8.4983446e-006  -6.4792315e-008            
8.5183407e-006  -5.0984382e-008            
8.5383368e-006  -3.7336144e-008            
8.5583329e-006  -2.5316249e-008            
8.578329e-006  -1.4466435e-008            
8.5983251e-006  -4.8971408e-009            
8.6183212e-006  -2.2834003e-011            
8.6383173e-006  -1.5592418e-009            
8.6583134e-006  -4.4560555e-009            
8.6783095e-006  -4.875321e-009            
8.6983056e-006  -4.4762057e-009            
8.7183017e-006  -4.1524122e-009            
8.7382978e-006  -3.4447811e-009            
8.7582939e-006  -2.9128959e-009            
8.7782901e-006  -2.5256535e-009            
8.7982862e-006  -2.3642172e-009            
8.8182823e-006  -2.5487653e-009            
8.8382784e-006  -2.1948582e-009            
8.8582745e-006  -2.2205964e-009            
8.8782706e-006  -1.6567595e-009            
8.8982667e-006  -1.214403e-009            
8.9182628e-006  -1.9991691e-009            
8.9382589e-006  -2.115522e-009            
8.958255e-006  -1.4343547e-009            
8.9782511e-006  -1.9786066e-009            
8.9982472e-006  -2.5699904e-009            
9.0182433e-006  -1.3406172e-009            
9.0382394e-006  -9.2991117e-010            
9.0582355e-006  -1.6576918e-009            
9.0782316e-006  -2.1992786e-009            
9.0982277e-006  -2.9870101e-009            
9.1182238e-006  -2.5554639e-009            
9.1382199e-006  -1.7851522e-009            
9.158216e-006  -2.2246024e-009            
9.1782122e-006  -2.4546007e-009            
9.1982083e-006  -2.8008682e-009            
9.2182044e-006  -2.6364883e-009            
9.2382005e-006  -1.8311545e-009            
9.2581966e-006  -2.4130112e-009            
9.2781927e-006  -3.1001453e-009            
9.2981888e-006  -3.0250118e-009            
9.3181849e-006  -3.6547923e-009            
9.338181e-006  -3.3976974e-009            
