Profile 1             
0  1.3843667e-009            
1e-008  1.4162542e-009            
2e-008  1.4382387e-009            
3e-008  1.5693032e-009            
4e-008  1.5493315e-009            
5e-008  1.6264716e-009            
6e-008  1.5992684e-009            
7e-008  1.5874079e-009            
8e-008  1.6576619e-009            
9e-008  1.6048889e-009            
1e-007  1.5457959e-009            
1.1e-007  1.5434792e-009            
1.2e-007  1.5768946e-009            
1.3e-007  1.5681496e-009            
1.4e-007  1.588867e-009            
1.5e-007  1.6686619e-009            
1.6e-007  1.7456356e-009            
1.7e-007  1.7867438e-009            
1.8e-007  1.7581775e-009            
1.9e-007  1.8545342e-009            
2e-007  1.8340269e-009            
2.1e-007  1.8099183e-009            
2.2e-007  1.7679639e-009            
2.3e-007  1.8338312e-009            
2.4e-007  1.8479982e-009            
2.5e-007  1.8905691e-009            
2.6e-007  1.8927646e-009            
2.7e-007  1.9666081e-009            
2.8e-007  2.0118726e-009            
2.9e-007  1.6348551e-009            
3e-007  -6.6565472e-011            
3.1e-007  -3.2170196e-009            
3.2e-007  -7.6457158e-009            
3.3e-007  -1.2975475e-008            
3.4e-007  -1.9256369e-008            
3.5e-007  -2.6327507e-008            
3.6e-007  -3.3458684e-008            
3.7e-007  -4.0021719e-008            
3.8e-007  -4.5177904e-008            
3.9e-007  -4.7679929e-008            
4e-007  -4.8390779e-008            
4.1e-007  -4.8389417e-008            
4.2e-007  -4.7985602e-008            
4.3e-007  -4.6962756e-008            
4.4e-007  -4.5045931e-008            
4.5e-007  -4.159225e-008            
4.6e-007  -3.5809699e-008            
4.7e-007  -2.7370478e-008            
4.8e-007  -2.1730583e-008            
4.9e-007  -1.8793932e-008            
5e-007  -1.8147894e-008            
5.1e-007  -1.9400394e-008            
5.2e-007  -2.234268e-008            
5.3e-007  -2.6846695e-008            
5.4e-007  -3.2175835e-008            
5.5e-007  -3.7696403e-008            
5.6e-007  -4.2714744e-008            
5.7e-007  -4.6223619e-008            
5.8e-007  -4.8138331e-008            
5.9e-007  -4.8577983e-008            
6e-007  -4.8580019e-008            
6.1e-007  -4.7826651e-008            
6.2e-007  -4.6523931e-008            
6.3e-007  -4.4398115e-008            
6.4e-007  -3.9676549e-008            
6.5e-007  -3.1599361e-008            
6.6e-007  -2.4344464e-008            
6.7e-007  -2.0575539e-008            
6.8e-007  -1.8814224e-008            
6.9e-007  -1.9002226e-008            
7e-007  -2.0664277e-008            
7.1e-007  -2.370603e-008            
7.2e-007  -2.7773616e-008            
7.3e-007  -3.2438918e-008            
7.4e-007  -3.7134342e-008            
7.5e-007  -4.1459179e-008            
7.6e-007  -4.5278561e-008            
7.7e-007  -4.7545205e-008            
7.8e-007  -4.8416809e-008            
7.9e-007  -4.850966e-008            
8e-007  -4.8133458e-008            
8.1e-007  -4.735925e-008            
8.2e-007  -4.6072384e-008            
8.3e-007  -4.3435857e-008            
8.4e-007  -3.839901e-008            
8.5e-007  -2.970924e-008            
8.6e-007  -2.385932e-008            
8.7e-007  -2.0693295e-008            
8.8e-007  -1.9766583e-008            
8.9e-007  -2.0433989e-008            
9e-007  -2.277009e-008            
9.1e-007  -2.6759612e-008            
9.2e-007  -3.1637704e-008            
9.3e-007  -3.7104798e-008            
9.4e-007  -4.2035338e-008            
9.5e-007  -4.5646716e-008            
9.6e-007  -4.7851128e-008            
9.7e-007  -4.8698689e-008            
9.8e-007  -4.8616403e-008            
9.9e-007  -4.8069894e-008            
1e-006  -4.7461512e-008            
1.01e-006  -4.6228953e-008            
1.02e-006  -4.413986e-008            
1.03e-006  -4.0838129e-008            
1.04e-006  -3.5369125e-008            
1.05e-006  -2.8610647e-008            
1.06e-006  -2.3126896e-008            
1.07e-006  -2.0596305e-008            
1.08e-006  -1.9838004e-008            
1.09e-006  -2.0696647e-008            
1.1e-006  -2.3213379e-008            
1.11e-006  -2.7228706e-008            
1.12e-006  -3.2391057e-008            
1.13e-006  -3.7769889e-008            
1.14e-006  -4.2955152e-008            
1.15e-006  -4.6645068e-008            
1.16e-006  -4.8437234e-008            
1.17e-006  -4.8877483e-008            
1.18e-006  -4.8694932e-008            
1.19e-006  -4.7849705e-008            
1.2e-006  -4.6619532e-008            
1.21e-006  -4.4479728e-008            
1.22e-006  -3.9724999e-008            
1.23e-006  -3.1274248e-008            
1.24e-006  -2.4639333e-008            
1.25e-006  -2.0576207e-008            
1.26e-006  -1.8937632e-008            
1.27e-006  -1.9158074e-008            
1.28e-006  -2.0966595e-008            
1.29e-006  -2.4334251e-008            
1.3e-006  -2.8538012e-008            
1.31e-006  -3.3612286e-008            
1.32e-006  -3.8259349e-008            
1.33e-006  -4.276117e-008            
1.34e-006  -4.6187469e-008            
1.35e-006  -4.8194987e-008            
1.36e-006  -4.865817e-008            
1.37e-006  -4.8608454e-008            
1.38e-006  -4.8042512e-008            
1.39e-006  -4.6980517e-008            
1.4e-006  -4.5111609e-008            
1.41e-006  -4.198716e-008            
1.42e-006  -3.663435e-008            
1.43e-006  -2.8847396e-008            
1.44e-006  -2.2529974e-008            
1.45e-006  -1.9431482e-008            
1.46e-006  -1.8426931e-008            
1.47e-006  -1.9327365e-008            
1.48e-006  -2.2240371e-008            
1.49e-006  -2.6384996e-008            
1.5e-006  -3.1774368e-008            
1.51e-006  -3.7230831e-008            
1.52e-006  -4.2470434e-008            
1.53e-006  -4.618704e-008            
1.54e-006  -4.8263134e-008            
1.55e-006  -4.8842092e-008            
1.56e-006  -4.8655419e-008            
1.57e-006  -4.8020932e-008            
1.58e-006  -4.6873006e-008            
1.59e-006  -4.4690058e-008            
1.6e-006  -3.9888139e-008            
1.61e-006  -3.1357717e-008            
1.62e-006  -2.4072544e-008            
1.63e-006  -2.0164828e-008            
1.64e-006  -1.8553778e-008            
1.65e-006  -1.8865319e-008            
1.66e-006  -2.0583564e-008            
1.67e-006  -2.3743891e-008            
1.68e-006  -2.7642752e-008            
1.69e-006  -3.233284e-008            
1.7e-006  -3.695982e-008            
1.71e-006  -4.1534731e-008            
1.72e-006  -4.527058e-008            
1.73e-006  -4.7791484e-008            
1.74e-006  -4.8655048e-008            
1.75e-006  -4.8701764e-008            
1.76e-006  -4.841467e-008            
1.77e-006  -4.7756349e-008            
1.78e-006  -4.6598314e-008            
1.79e-006  -4.4249586e-008            
1.8e-006  -3.9077175e-008            
1.81e-006  -3.0287561e-008            
1.82e-006  -2.3551441e-008            
1.83e-006  -2.0319254e-008            
1.84e-006  -1.9160931e-008            
1.85e-006  -1.9697161e-008            
1.86e-006  -2.2030476e-008            
1.87e-006  -2.5760746e-008            
1.88e-006  -3.068795e-008            
1.89e-006  -3.596025e-008            
1.9e-006  -4.1206766e-008            
1.91e-006  -4.51145e-008            
1.92e-006  -4.7555893e-008            
1.93e-006  -4.8464726e-008            
1.94e-006  -4.8601886e-008            
1.95e-006  -4.8209349e-008            
1.96e-006  -4.7575319e-008            
1.97e-006  -4.641374e-008            
1.98e-006  -4.4425703e-008            
1.99e-006  -4.099325e-008            
2e-006  -3.5749132e-008            
2.01e-006  -2.8896598e-008            
2.02e-006  -2.3584429e-008            
2.03e-006  -2.0784326e-008            
2.04e-006  -2.0034976e-008            
2.05e-006  -2.0971679e-008            
2.06e-006  -2.3361052e-008            
2.07e-006  -2.7242984e-008            
2.08e-006  -3.2118534e-008            
2.09e-006  -3.7538327e-008            
2.1e-006  -4.2202436e-008            
2.11e-006  -4.5868531e-008            
2.12e-006  -4.7668159e-008            
2.13e-006  -4.8143827e-008            
2.14e-006  -4.8031016e-008            
2.15e-006  -4.7450176e-008            
2.16e-006  -4.6578612e-008            
2.17e-006  -4.4444937e-008            
2.18e-006  -4.0195944e-008            
2.19e-006  -3.203772e-008            
2.2e-006  -2.4139539e-008            
2.21e-006  -1.9736362e-008            
2.22e-006  -1.8032404e-008            
2.23e-006  -1.8104155e-008            
2.24e-006  -1.9805811e-008            
2.25e-006  -2.2959735e-008            
2.26e-006  -2.7243765e-008            
2.27e-006  -3.1990408e-008            
2.28e-006  -3.6951337e-008            
2.29e-006  -4.1142607e-008            
2.3e-006  -4.4875805e-008            
2.31e-006  -4.7216579e-008            
2.32e-006  -4.8103091e-008            
2.33e-006  -4.8216524e-008            
2.34e-006  -4.7858073e-008            
2.35e-006  -4.6946306e-008            
2.36e-006  -4.5091208e-008            
2.37e-006  -4.2260927e-008            
2.38e-006  -3.7611953e-008            
2.39e-006  -3.0420869e-008            
2.4e-006  -2.3954854e-008            
2.41e-006  -2.0649376e-008            
2.42e-006  -1.9663286e-008            
2.43e-006  -2.0345407e-008            
2.44e-006  -2.2527261e-008            
2.45e-006  -2.6250072e-008            
2.46e-006  -3.1041723e-008            
2.47e-006  -3.6439174e-008            
2.48e-006  -4.1487097e-008            
2.49e-006  -4.5367446e-008            
2.5e-006  -4.7157969e-008            
2.51e-006  -4.7880199e-008            
2.52e-006  -4.7827831e-008            
2.53e-006  -4.7237833e-008            
2.54e-006  -4.622141e-008            
2.55e-006  -4.4441505e-008            
2.56e-006  -4.06417e-008            
2.57e-006  -3.2562952e-008            
2.58e-006  -2.4743333e-008            
2.59e-006  -1.99071e-008            
2.6e-006  -1.7775248e-008            
2.61e-006  -1.7473773e-008            
2.62e-006  -1.8790294e-008            
2.63e-006  -2.1655761e-008            
2.64e-006  -2.5622936e-008            
2.65e-006  -3.016852e-008            
2.66e-006  -3.5070225e-008            
2.67e-006  -3.961351e-008            
2.68e-006  -4.3711115e-008            
2.69e-006  -4.6759174e-008            
2.7e-006  -4.8247651e-008            
2.71e-006  -4.8415835e-008            
2.72e-006  -4.8136231e-008            
2.73e-006  -4.7439531e-008            
2.74e-006  -4.6136398e-008            
2.75e-006  -4.4022483e-008            
2.76e-006  -3.9724334e-008            
2.77e-006  -3.2458183e-008            
2.78e-006  -2.4927117e-008            
2.79e-006  -2.1202e-008            
2.8e-006  -1.9716404e-008            
2.81e-006  -2.0140232e-008            
2.82e-006  -2.2307957e-008            
2.83e-006  -2.5980609e-008            
2.84e-006  -3.0708846e-008            
2.85e-006  -3.5886196e-008            
2.86e-006  -4.0846508e-008            
2.87e-006  -4.471961e-008            
2.88e-006  -4.7102842e-008            
2.89e-006  -4.821018e-008            
2.9e-006  -4.8439021e-008            
2.91e-006  -4.8127015e-008            
2.92e-006  -4.7402444e-008            
2.93e-006  -4.6196872e-008            
2.94e-006  -4.4460294e-008            
2.95e-006  -4.1043519e-008            
2.96e-006  -3.6227388e-008            
2.97e-006  -2.9077364e-008            
2.98e-006  -2.3346233e-008            
2.99e-006  -2.011845e-008            
3e-006  -1.9170927e-008            
3.01e-006  -1.9884377e-008            
3.02e-006  -2.2196415e-008            
3.03e-006  -2.6143331e-008            
3.04e-006  -3.1109566e-008            
3.05e-006  -3.6450492e-008            
3.06e-006  -4.1540166e-008            
3.07e-006  -4.5455766e-008            
3.08e-006  -4.7575231e-008            
3.09e-006  -4.8228465e-008            
3.1e-006  -4.8034605e-008            
3.11e-006  -4.735689e-008            
3.12e-006  -4.6410496e-008            
3.13e-006  -4.4748475e-008            
3.14e-006  -4.0989557e-008            
3.15e-006  -3.3266481e-008            
3.16e-006  -2.4790073e-008            
3.17e-006  -2.0289327e-008            
3.18e-006  -1.8154619e-008            
3.19e-006  -1.8189685e-008            
3.2e-006  -1.9972449e-008            
3.21e-006  -2.305952e-008            
3.22e-006  -2.7539875e-008            
3.23e-006  -3.2475566e-008            
3.24e-006  -3.7316279e-008            
3.25e-006  -4.1504489e-008            
3.26e-006  -4.5051018e-008            
3.27e-006  -4.7263076e-008            
3.28e-006  -4.8011044e-008            
3.29e-006  -4.7949221e-008            
3.3e-006  -4.7442374e-008            
3.31e-006  -4.6512122e-008            
3.32e-006  -4.5067153e-008            
3.33e-006  -4.207358e-008            
3.34e-006  -3.7248045e-008            
3.35e-006  -3.0096325e-008            
3.36e-006  -2.3773982e-008            
3.37e-006  -2.0314002e-008            
3.38e-006  -1.9026166e-008            
3.39e-006  -1.9375473e-008            
3.4e-006  -2.1362045e-008            
3.41e-006  -2.5007013e-008            
3.42e-006  -2.9902998e-008            
3.43e-006  -3.5498082e-008            
3.44e-006  -4.0876664e-008            
3.45e-006  -4.5107838e-008            
3.46e-006  -4.7409496e-008            
3.47e-006  -4.8152596e-008            
3.48e-006  -4.8282764e-008            
3.49e-006  -4.7864767e-008            
3.5e-006  -4.6831825e-008            
3.51e-006  -4.5026023e-008            
3.52e-006  -4.1191493e-008            
3.53e-006  -3.3514181e-008            
3.54e-006  -2.4764633e-008            
3.55e-006  -1.9745599e-008            
3.56e-006  -1.7466594e-008            
3.57e-006  -1.7305498e-008            
3.58e-006  -1.9054126e-008            
3.59e-006  -2.2009803e-008            
3.6e-006  -2.6256959e-008            
3.61e-006  -3.0817762e-008            
3.62e-006  -3.5916474e-008            
3.63e-006  -4.0426467e-008            
3.64e-006  -4.4499806e-008            
3.65e-006  -4.7282016e-008            
3.66e-006  -4.8387966e-008            
3.67e-006  -4.8361068e-008            
3.68e-006  -4.8115311e-008            
3.69e-006  -4.7390617e-008            
3.7e-006  -4.6254491e-008            
3.71e-006  -4.407009e-008            
3.72e-006  -3.9886128e-008            
3.73e-006  -3.1850704e-008            
3.74e-006  -2.4355314e-008            
3.75e-006  -2.0554873e-008            
3.76e-006  -1.9062912e-008            
3.77e-006  -1.9615781e-008            
3.78e-006  -2.1500167e-008            
3.79e-006  -2.4926029e-008            
3.8e-006  -2.9334439e-008            
3.81e-006  -3.4695833e-008            
3.82e-006  -3.9744036e-008            
3.83e-006  -4.3998866e-008            
3.84e-006  -4.666803e-008            
3.85e-006  -4.7809298e-008            
3.86e-006  -4.7961301e-008            
3.87e-006  -4.7795329e-008            
3.88e-006  -4.7313847e-008            
3.89e-006  -4.62902e-008            
3.9e-006  -4.4491083e-008            
3.91e-006  -4.1355359e-008            
3.92e-006  -3.6606067e-008            
3.93e-006  -2.9929978e-008            
3.94e-006  -2.394408e-008            
3.95e-006  -2.072375e-008            
3.96e-006  -1.9601003e-008            
3.97e-006  -2.0150024e-008            
3.98e-006  -2.2620897e-008            
3.99e-006  -2.6287288e-008            
4e-006  -3.144604e-008            
4.01e-006  -3.6857825e-008            
4.02e-006  -4.2209084e-008            
4.03e-006  -4.5773355e-008            
4.04e-006  -4.7735165e-008            
4.05e-006  -4.8569294e-008            
4.06e-006  -4.8626677e-008            
4.07e-006  -4.8143313e-008            
4.08e-006  -4.7205906e-008            
4.09e-006  -4.5332385e-008            
4.1e-006  -4.1375354e-008            
4.11e-006  -3.310821e-008            
4.12e-006  -2.472516e-008            
4.13e-006  -2.0191943e-008            
4.14e-006  -1.8207091e-008            
4.15e-006  -1.8099624e-008            
4.16e-006  -1.9635096e-008            
4.17e-006  -2.274509e-008            
4.18e-006  -2.684651e-008            
4.19e-006  -3.167003e-008            
4.2e-006  -3.6562963e-008            
4.21e-006  -4.1137171e-008            
4.22e-006  -4.4878757e-008            
4.23e-006  -4.7599021e-008            
4.24e-006  -4.8680694e-008            
4.25e-006  -4.8707183e-008            
4.26e-006  -4.8253956e-008            
4.27e-006  -4.727115e-008            
4.28e-006  -4.5541924e-008            
4.29e-006  -4.2734755e-008            
4.3e-006  -3.8649875e-008            
4.31e-006  -3.1773091e-008            
4.32e-006  -2.4731719e-008            
4.33e-006  -2.1176973e-008            
4.34e-006  -2.0000329e-008            
4.35e-006  -2.0524948e-008            
4.36e-006  -2.2591208e-008            
4.37e-006  -2.6036179e-008            
4.38e-006  -3.0860002e-008            
4.39e-006  -3.5968306e-008            
4.4e-006  -4.1358818e-008            
4.41e-006  -4.5342223e-008            
4.42e-006  -4.7843838e-008            
4.43e-006  -4.860311e-008            
4.44e-006  -4.8544452e-008            
4.45e-006  -4.7986005e-008            
4.46e-006  -4.712136e-008            
4.47e-006  -4.5403029e-008            
4.48e-006  -4.1800075e-008            
4.49e-006  -3.4157645e-008            
4.5e-006  -2.5475864e-008            
4.51e-006  -2.0223083e-008            
4.52e-006  -1.7737205e-008            
4.53e-006  -1.7318923e-008            
4.54e-006  -1.8743067e-008            
4.55e-006  -2.1516836e-008            
4.56e-006  -2.5462003e-008            
4.57e-006  -3.0243897e-008            
4.58e-006  -3.5009842e-008            
4.59e-006  -3.9872037e-008            
4.6e-006  -4.3840603e-008            
4.61e-006  -4.6983116e-008            
4.62e-006  -4.8242275e-008            
4.63e-006  -4.8440626e-008            
4.64e-006  -4.8361509e-008            
4.65e-006  -4.7927293e-008            
4.66e-006  -4.6912712e-008            
4.67e-006  -4.4716564e-008            
4.68e-006  -4.0841321e-008            
4.69e-006  -3.3590304e-008            
4.7e-006  -2.6424883e-008            
4.71e-006  -2.2503972e-008            
4.72e-006  -2.0826382e-008            
4.73e-006  -2.0960885e-008            
4.74e-006  -2.2690854e-008            
4.75e-006  -2.579633e-008            
4.76e-006  -3.036002e-008            
4.77e-006  -3.5579799e-008            
4.78e-006  -4.0669304e-008            
4.79e-006  -4.4651155e-008            
4.8e-006  -4.72132e-008            
4.81e-006  -4.810555e-008            
4.82e-006  -4.8270219e-008            
4.83e-006  -4.8071575e-008            
4.84e-006  -4.7376961e-008            
4.85e-006  -4.6528315e-008            
4.86e-006  -4.5010942e-008            
4.87e-006  -4.2105727e-008            
4.88e-006  -3.7366886e-008            
4.89e-006  -3.0805215e-008            
4.9e-006  -2.4564809e-008            
4.91e-006  -2.1230082e-008            
4.92e-006  -1.9968345e-008            
4.93e-006  -2.0557737e-008            
4.94e-006  -2.2708815e-008            
4.95e-006  -2.6336667e-008            
4.96e-006  -3.1161178e-008            
4.97e-006  -3.6401916e-008            
4.98e-006  -4.1464892e-008            
4.99e-006  -4.5651104e-008            
5e-006  -4.7816696e-008            
5.01e-006  -4.8566179e-008            
5.02e-006  -4.8489835e-008            
5.03e-006  -4.803011e-008            
5.04e-006  -4.725776e-008            
5.05e-006  -4.5573655e-008            
5.06e-006  -4.2202711e-008            
5.07e-006  -3.4735394e-008            
5.08e-006  -2.6406206e-008            
5.09e-006  -2.1555309e-008            
5.1e-006  -1.9463187e-008            
5.11e-006  -1.9295123e-008            
5.12e-006  -2.0738791e-008            
5.13e-006  -2.3563559e-008            
5.14e-006  -2.7599566e-008            
5.15e-006  -3.2334353e-008            
5.16e-006  -3.73723e-008            
5.17e-006  -4.1731266e-008            
5.18e-006  -4.5206611e-008            
5.19e-006  -4.7407569e-008            
5.2e-006  -4.8294212e-008            
5.21e-006  -4.8398545e-008            
5.22e-006  -4.8002529e-008            
5.23e-006  -4.7219645e-008            
5.24e-006  -4.5493884e-008            
5.25e-006  -4.2907509e-008            
5.26e-006  -3.8648307e-008            
5.27e-006  -3.2241708e-008            
5.28e-006  -2.531832e-008            
5.29e-006  -2.1567088e-008            
5.3e-006  -1.9894397e-008            
5.31e-006  -1.9977464e-008            
5.32e-006  -2.1658661e-008            
5.33e-006  -2.4931806e-008            
5.34e-006  -2.961395e-008            
5.35e-006  -3.4945553e-008            
5.36e-006  -4.0194025e-008            
5.37e-006  -4.4507415e-008            
5.38e-006  -4.7275369e-008            
5.39e-006  -4.8478722e-008            
5.4e-006  -4.8508256e-008            
5.41e-006  -4.8188985e-008            
5.42e-006  -4.7428161e-008            
5.43e-006  -4.5758682e-008            
5.44e-006  -4.2614755e-008            
5.45e-006  -3.5669991e-008            
5.46e-006  -2.7192939e-008            
5.47e-006  -2.1840232e-008            
5.48e-006  -1.9531916e-008            
5.49e-006  -1.9115213e-008            
5.5e-006  -2.0265346e-008            
5.51e-006  -2.3138854e-008            
5.52e-006  -2.6896648e-008            
5.53e-006  -3.1503625e-008            
5.54e-006  -3.6382949e-008            
5.55e-006  -4.0942629e-008            
5.56e-006  -4.4792322e-008            
5.57e-006  -4.742291e-008            
5.58e-006  -4.8463814e-008            
5.59e-006  -4.8527253e-008            
5.6e-006  -4.8284458e-008            
5.61e-006  -4.7691556e-008            
5.62e-006  -4.6512977e-008            
5.63e-006  -4.4552542e-008            
5.64e-006  -4.093238e-008            
5.65e-006  -3.4370556e-008            
5.66e-006  -2.6671149e-008            
5.67e-006  -2.2349619e-008            
5.68e-006  -2.000219e-008            
5.69e-006  -2.0172585e-008            
5.7e-006  -2.1929471e-008            
5.71e-006  -2.5191992e-008            
5.72e-006  -2.9799105e-008            
5.73e-006  -3.5092204e-008            
5.74e-006  -4.0264711e-008            
5.75e-006  -4.4709676e-008            
5.76e-006  -4.7511245e-008            
5.77e-006  -4.8788699e-008            
5.78e-006  -4.9002833e-008            
5.79e-006  -4.8750652e-008            
5.8e-006  -4.8274974e-008            
5.81e-006  -4.7222587e-008            
5.82e-006  -4.5637152e-008            
5.83e-006  -4.2885109e-008            
5.84e-006  -3.8774206e-008            
5.85e-006  -3.2779054e-008            
5.86e-006  -2.7318209e-008            
5.87e-006  -2.382978e-008            
5.88e-006  -2.2609791e-008            
5.89e-006  -2.3107559e-008            
5.9e-006  -2.5167992e-008            
5.91e-006  -2.8807768e-008            
5.92e-006  -3.3297699e-008            
5.93e-006  -3.8258396e-008            
5.94e-006  -4.2968919e-008            
5.95e-006  -4.6353902e-008            
5.96e-006  -4.7988145e-008            
5.97e-006  -4.837002e-008            
5.98e-006  -4.8126163e-008            
5.99e-006  -4.7704414e-008            
6e-006  -4.6819882e-008            
6.01e-006  -4.5201422e-008            
6.02e-006  -4.152124e-008            
6.03e-006  -3.4248136e-008            
6.04e-006  -2.5543677e-008            
6.05e-006  -2.0788899e-008            
6.06e-006  -1.8566183e-008            
6.07e-006  -1.8293417e-008            
6.08e-006  -1.9832615e-008            
6.09e-006  -2.2755967e-008            
6.1e-006  -2.6950011e-008            
6.11e-006  -3.1719966e-008            
6.12e-006  -3.6748616e-008            
6.13e-006  -4.1165357e-008            
6.14e-006  -4.4777344e-008            
6.15e-006  -4.7219033e-008            
6.16e-006  -4.8178719e-008            
6.17e-006  -4.832441e-008            
6.18e-006  -4.7958756e-008            
6.19e-006  -4.7379017e-008            
6.2e-006  -4.6126954e-008            
6.21e-006  -4.3788568e-008            
6.22e-006  -3.9951062e-008            
6.23e-006  -3.3401051e-008            
6.24e-006  -2.6373754e-008            
6.25e-006  -2.2092811e-008            
6.26e-006  -2.0364618e-008            
6.27e-006  -2.059299e-008            
6.28e-006  -2.268111e-008            
6.29e-006  -2.6648398e-008            
6.3e-006  -3.144984e-008            
6.31e-006  -3.7185466e-008            
6.32e-006  -4.230271e-008            
6.33e-006  -4.6234266e-008            
6.34e-006  -4.8313542e-008            
6.35e-006  -4.8992248e-008            
6.36e-006  -4.9038087e-008            
6.37e-006  -4.8543526e-008            
6.38e-006  -4.7632406e-008            
6.39e-006  -4.5830241e-008            
6.4e-006  -4.2446529e-008            
6.41e-006  -3.6282796e-008            
6.42e-006  -2.9770481e-008            
6.43e-006  -2.5189051e-008            
6.44e-006  -2.2527071e-008            
6.45e-006  -2.1483527e-008            
6.46e-006  -2.2003999e-008            
6.47e-006  -2.4020684e-008            
6.48e-006  -2.7204821e-008            
6.49e-006  -3.1251769e-008            
6.5e-006  -3.5734354e-008            
6.51e-006  -3.9768782e-008            
6.52e-006  -4.3744987e-008            
6.53e-006  -4.6690916e-008            
6.54e-006  -4.832604e-008            
6.55e-006  -4.869576e-008            
6.56e-006  -4.8511005e-008            
6.57e-006  -4.8048037e-008            
6.58e-006  -4.7207702e-008            
6.59e-006  -4.5624269e-008            
6.6e-006  -4.2554637e-008            
6.61e-006  -3.6429441e-008            
6.62e-006  -2.8301254e-008            
6.63e-006  -2.3109304e-008            
6.64e-006  -2.0977403e-008            
6.65e-006  -2.1019184e-008            
6.66e-006  -2.2818155e-008            
6.67e-006  -2.6216631e-008            
6.68e-006  -3.0815758e-008            
6.69e-006  -3.6350131e-008            
6.7e-006  -4.1461653e-008            
6.71e-006  -4.5713033e-008            
6.72e-006  -4.7868317e-008            
6.73e-006  -4.8818604e-008            
6.74e-006  -4.9089782e-008            
6.75e-006  -4.8680476e-008            
6.76e-006  -4.8244969e-008            
6.77e-006  -4.7237782e-008            
6.78e-006  -4.5448207e-008            
6.79e-006  -4.2469208e-008            
6.8e-006  -3.8324513e-008            
6.81e-006  -3.2809607e-008            
6.82e-006  -2.8049609e-008            
6.83e-006  -2.5327035e-008            
6.84e-006  -2.4224948e-008            
6.85e-006  -2.469087e-008            
6.86e-006  -2.6637044e-008            
6.87e-006  -2.9575388e-008            
6.88e-006  -3.3479963e-008            
6.89e-006  -3.7857428e-008            
6.9e-006  -4.2455397e-008            
6.91e-006  -4.5997513e-008            
6.92e-006  -4.8119267e-008            
6.93e-006  -4.8766409e-008            
6.94e-006  -4.8748622e-008            
6.95e-006  -4.8504654e-008            
6.96e-006  -4.7699886e-008            
6.97e-006  -4.6270588e-008            
6.98e-006  -4.3088846e-008            
6.99e-006  -3.6149301e-008            
7e-006  -2.7855666e-008            
7.01e-006  -2.2574214e-008            
7.02e-006  -2.0273381e-008            
7.03e-006  -1.9874007e-008            
7.04e-006  -2.1229556e-008            
7.05e-006  -2.4259368e-008            
7.06e-006  -2.8357602e-008            
7.07e-006  -3.3195951e-008            
7.08e-006  -3.7957521e-008            
7.09e-006  -4.22466e-008            
7.1e-006  -4.5645376e-008            
7.11e-006  -4.7833683e-008            
7.12e-006  -4.8676091e-008            
7.13e-006  -4.8739518e-008            
7.14e-006  -4.84302e-008            
7.15e-006  -4.756821e-008            
7.16e-006  -4.6113372e-008            
7.17e-006  -4.342361e-008            
7.18e-006  -3.9126965e-008            
7.19e-006  -3.16607e-008            
7.2e-006  -2.4574518e-008            
7.21e-006  -2.0811936e-008            
7.22e-006  -1.9447793e-008            
7.23e-006  -1.9800742e-008            
7.24e-006  -2.1954566e-008            
7.25e-006  -2.5852816e-008            
7.26e-006  -3.090746e-008            
7.27e-006  -3.643254e-008            
7.28e-006  -4.1748525e-008            
7.29e-006  -4.5728717e-008            
7.3e-006  -4.8183377e-008            
7.31e-006  -4.9241828e-008            
7.32e-006  -4.9501978e-008            
7.33e-006  -4.9322212e-008            
7.34e-006  -4.8500729e-008            
7.35e-006  -4.6932245e-008            
7.36e-006  -4.4188759e-008            
7.37e-006  -3.9149574e-008            
7.38e-006  -3.2806777e-008            
7.39e-006  -2.8198809e-008            
7.4e-006  -2.5372645e-008            
7.41e-006  -2.3972344e-008            
7.42e-006  -2.408698e-008            
7.43e-006  -2.5631515e-008            
7.44e-006  -2.8592927e-008            
7.45e-006  -3.2578454e-008            
7.46e-006  -3.6856538e-008            
7.47e-006  -4.0965832e-008            
7.48e-006  -4.4642563e-008            
7.49e-006  -4.7487716e-008            
7.5e-006  -4.8627839e-008            
7.51e-006  -4.9099804e-008            
7.52e-006  -4.9096763e-008            
7.53e-006  -4.8519354e-008            
7.54e-006  -4.7599336e-008            
7.55e-006  -4.5857613e-008            
7.56e-006  -4.2956563e-008            
7.57e-006  -3.616963e-008            
7.58e-006  -2.7489066e-008            
7.59e-006  -2.2449056e-008            
7.6e-006  -2.042067e-008            
7.61e-006  -2.0452843e-008            
7.62e-006  -2.2383395e-008            
7.63e-006  -2.6130753e-008            
7.64e-006  -3.0945232e-008            
7.65e-006  -3.6287026e-008            
7.66e-006  -4.1538091e-008            
7.67e-006  -4.5744407e-008            
7.68e-006  -4.8203755e-008            
7.69e-006  -4.9261793e-008            
7.7e-006  -4.9455051e-008            
7.71e-006  -4.9251e-008            
7.72e-006  -4.8986228e-008            
7.73e-006  -4.8380116e-008            
7.74e-006  -4.6872816e-008            
7.75e-006  -4.4431496e-008            
7.76e-006  -4.0556126e-008            
7.77e-006  -3.5317275e-008            
7.78e-006  -2.9827649e-008            
7.79e-006  -2.6499974e-008            
7.8e-006  -2.5440912e-008            
7.81e-006  -2.5846293e-008            
7.82e-006  -2.7909132e-008            
7.83e-006  -3.1042432e-008            
7.84e-006  -3.5024724e-008            
7.85e-006  -3.9684672e-008            
7.86e-006  -4.4175178e-008            
7.87e-006  -4.7225061e-008            
7.88e-006  -4.8537212e-008            
7.89e-006  -4.9016722e-008            
7.9e-006  -4.9136187e-008            
7.91e-006  -4.8719418e-008            
7.92e-006  -4.7993973e-008            
7.93e-006  -4.6636681e-008            
7.94e-006  -4.3698908e-008            
7.95e-006  -3.6715248e-008            
7.96e-006  -2.7704809e-008            
7.97e-006  -2.2104906e-008            
7.98e-006  -1.9808278e-008            
7.99e-006  -1.938325e-008            
8e-006  -2.0878847e-008            
8.01e-006  -2.4328865e-008            
8.02e-006  -2.9003277e-008            
8.03e-006  -3.452566e-008            
8.04e-006  -3.9736881e-008            
8.05e-006  -4.4172481e-008            
8.06e-006  -4.7472815e-008            
8.07e-006  -4.9516934e-008            
8.08e-006  -5.0313189e-008            
8.09e-006  -5.0453866e-008            
8.1e-006  -4.9957973e-008            
8.11e-006  -4.8511455e-008            
8.12e-006  -4.5459388e-008            
8.13e-006  -3.8455729e-008            
8.14e-006  -2.5651808e-008            
8.15e-006  -1.3981861e-008            
8.16e-006  -6.2809224e-009            
8.17e-006  -2.1085072e-009            
8.18e-006  1.7652918e-010            
8.19e-006  8.2922086e-010            
8.2e-006  9.4798742e-010            
8.21e-006  8.8623175e-010            
8.22e-006  7.8557461e-010            
8.23e-006  7.1182518e-010            
8.24e-006  7.042563e-010            
8.25e-006  5.9726972e-010            
8.26e-006  5.3600173e-010            
8.27e-006  3.8786435e-010            
8.28e-006  2.7043692e-010            
8.29e-006  1.808995e-010            
8.3e-006  1.1431096e-010            
8.31e-006  1.4107173e-010            
8.32e-006  1.168807e-010            
8.33e-006  1.4464776e-010            
8.34e-006  1.4374684e-010            
8.35e-006  2.3400811e-010            
8.36e-006  1.6591058e-010            
8.37e-006  9.358218e-011            
8.38e-006  1.2921098e-010            
8.39e-006  1.4964573e-010            
8.4e-006  1.7984538e-010            
8.41e-006  2.2428391e-010            
8.42e-006  9.61356e-011            
8.43e-006  5.5103507e-011            
8.44e-006  -4.4186704e-011            
8.45e-006  -9.5758381e-011            
8.46e-006  1.1937135e-010            
8.47e-006  3.6164272e-010            
8.48e-006  3.5173211e-010            
8.49e-006  2.893901e-010            
8.5e-006  2.0508558e-010            
8.51e-006  1.0661442e-010            
8.52e-006  -3.3479929e-011            
8.53e-006  -8.1407477e-011            
8.54e-006  6.3759217e-011            
8.55e-006  7.1752994e-012            
8.56e-006  -1.9021951e-010            
8.57e-006  -1.6928991e-010            
8.58e-006  1.2988139e-011            
8.59e-006  2.1785708e-011            
8.6e-006  -1.3705975e-010            
8.61e-006  -4.0186208e-010            
8.62e-006  -3.811217e-010            
8.63e-006  -2.2375161e-010            
8.64e-006  2.1174103e-011            
8.65e-006  -4.5625241e-011            
8.66e-006  -1.8446445e-010            
8.67e-006  -1.6791932e-010            
