Profile 1             
0  2.4183628e-009            
9.9997344e-009  2.4875804e-009            
1.9999469e-008  2.5677332e-009            
2.9999203e-008  2.5472198e-009            
3.9998938e-008  2.5254639e-009            
4.9998672e-008  2.5374557e-009            
5.9998407e-008  2.5853601e-009            
6.9998141e-008  2.6690998e-009            
7.9997876e-008  2.7553307e-009            
8.999761e-008  2.7486078e-009            
9.9997344e-008  2.6761344e-009            
1.0999708e-007  2.6468863e-009            
1.1999681e-007  2.7055308e-009            
1.2999655e-007  2.7828314e-009            
1.3999628e-007  2.7966377e-009            
1.4999602e-007  2.8460597e-009            
1.5999575e-007  2.9603884e-009            
1.6999549e-007  3.0053105e-009            
1.7999522e-007  2.9735311e-009            
1.8999495e-007  2.9431178e-009            
1.9999469e-007  2.9892483e-009            
2.0999442e-007  3.0654215e-009            
2.1999416e-007  3.1467721e-009            
2.2999389e-007  3.1596994e-009            
2.3999363e-007  3.1245346e-009            
2.4999336e-007  3.0640209e-009            
2.599931e-007  3.0709394e-009            
2.6999283e-007  3.1398972e-009            
2.7999256e-007  3.1468116e-009            
2.899923e-007  3.1017628e-009            
2.9999203e-007  3.158987e-009            
3.0999177e-007  3.2745531e-009            
3.199915e-007  3.3190514e-009            
3.2999124e-007  3.3057325e-009            
3.3999097e-007  3.4010163e-009            
3.4999071e-007  3.495865e-009            
3.5999044e-007  3.5648387e-009            
3.6999017e-007  3.6583831e-009            
3.7998991e-007  3.6585142e-009            
3.8998964e-007  3.6657382e-009            
3.9998938e-007  3.7026548e-009            
4.0998911e-007  3.7123813e-009            
4.1998885e-007  3.7710568e-009            
4.2998858e-007  3.7861247e-009            
4.3998832e-007  3.729918e-009            
4.4998805e-007  3.7194395e-009            
4.5998778e-007  3.7544024e-009            
4.6998752e-007  3.7016063e-009            
4.7998725e-007  3.2033636e-009            
4.8998699e-007  1.871688e-009            
4.9998672e-007  -5.2540613e-010            
5.0998646e-007  -4.1168449e-009            
5.1998619e-007  -8.5551135e-009            
5.2998593e-007  -1.3721271e-008            
5.3998566e-007  -1.9575469e-008            
5.4998539e-007  -2.6123712e-008            
5.5998513e-007  -3.3518375e-008            
5.6998486e-007  -4.1967004e-008            
5.799846e-007  -5.1147951e-008            
5.8998433e-007  -5.9544761e-008            
5.9998407e-007  -6.4869265e-008            
6.099838e-007  -6.7060791e-008            
6.1998354e-007  -6.7838919e-008            
6.2998327e-007  -6.8213786e-008            
6.39983e-007  -6.8341879e-008            
6.4998274e-007  -6.8344456e-008            
6.5998247e-007  -6.8273854e-008            
6.6998221e-007  -6.8111026e-008            
6.7998194e-007  -6.7876554e-008            
6.8998168e-007  -6.7723033e-008            
6.9998141e-007  -6.7658262e-008            
7.0998115e-007  -6.7529188e-008            
7.1998088e-007  -6.7292684e-008            
7.2998061e-007  -6.7015451e-008            
7.3998035e-007  -6.665982e-008            
7.4998008e-007  -6.6106992e-008            
7.5997982e-007  -6.5431154e-008            
7.6997955e-007  -6.4526544e-008            
7.7997929e-007  -6.320152e-008            
7.8997902e-007  -6.1380066e-008            
7.9997876e-007  -5.89338e-008            
8.0997849e-007  -5.4856341e-008            
8.1997822e-007  -4.7898644e-008            
8.2997796e-007  -3.8390362e-008            
8.3997769e-007  -2.7362302e-008            
8.4997743e-007  -1.6064576e-008            
8.5997716e-007  -6.915247e-009            
8.699769e-007  -1.0822229e-009            
8.7997663e-007  1.6862272e-009            
8.8997637e-007  2.1372175e-009            
8.999761e-007  1.0920084e-009            
9.0997583e-007  -1.2589916e-009            
9.1997557e-007  -4.6454428e-009            
9.299753e-007  -8.9399317e-009            
9.3997504e-007  -1.4122843e-008            
9.4997477e-007  -2.0105575e-008            
9.5997451e-007  -2.6844475e-008            
9.6997424e-007  -3.4339408e-008            
9.7997398e-007  -4.2560385e-008            
9.8997371e-007  -5.0859711e-008            
9.9997344e-007  -5.7919358e-008            
1.0099732e-006  -6.2547299e-008            
1.0199729e-006  -6.5048069e-008            
1.0299726e-006  -6.6245512e-008            
1.0399724e-006  -6.6642911e-008            
1.0499721e-006  -6.6630594e-008            
1.0599719e-006  -6.6427103e-008            
1.0699716e-006  -6.6303638e-008            
1.0799713e-006  -6.6013002e-008            
1.0899711e-006  -6.5360527e-008            
1.0999708e-006  -6.4264899e-008            
1.1099705e-006  -6.2631365e-008            
1.1199703e-006  -6.0381272e-008            
1.12997e-006  -5.6720859e-008            
1.1399697e-006  -4.9909384e-008            
1.1499695e-006  -4.0202385e-008            
1.1599692e-006  -2.9112057e-008            
1.1699689e-006  -1.7834766e-008            
1.1799687e-006  -8.1401208e-009            
1.1899684e-006  -1.6195255e-009            
1.1999681e-006  1.5337363e-009            
1.2099679e-006  2.2199622e-009            
1.2199676e-006  1.1754869e-009            
1.2299673e-006  -1.231053e-009            
1.2399671e-006  -4.7994293e-009            
1.2499668e-006  -9.4325935e-009            
1.2599665e-006  -1.4977322e-008            
1.2699663e-006  -2.1187622e-008            
1.279966e-006  -2.7844399e-008            
1.2899657e-006  -3.5227831e-008            
1.2999655e-006  -4.3481575e-008            
1.3099652e-006  -5.1894002e-008            
1.3199649e-006  -5.8729484e-008            
1.3299647e-006  -6.3008994e-008            
1.3399644e-006  -6.5407485e-008            
1.3499641e-006  -6.6607525e-008            
1.3599639e-006  -6.6980016e-008            
1.3699636e-006  -6.6938611e-008            
1.3799634e-006  -6.6692024e-008            
1.3899631e-006  -6.6246102e-008            
1.3999628e-006  -6.555076e-008            
1.4099626e-006  -6.4656752e-008            
1.4199623e-006  -6.3532848e-008            
1.429962e-006  -6.1878554e-008            
1.4399618e-006  -5.9338878e-008            
1.4499615e-006  -5.4937992e-008            
1.4599612e-006  -4.7478327e-008            
1.469961e-006  -3.756708e-008            
1.4799607e-006  -2.6460823e-008            
1.4899604e-006  -1.5451079e-008            
1.4999602e-006  -6.4546077e-009            
1.5099599e-006  -7.5423505e-010            
1.5199596e-006  1.9213102e-009            
1.5299594e-006  2.5013485e-009            
1.5399591e-006  1.4586703e-009            
1.5499588e-006  -9.0368835e-010            
1.5599586e-006  -4.4483122e-009            
1.5699583e-006  -8.9138013e-009            
1.579958e-006  -1.4221338e-008            
1.5899578e-006  -2.0341892e-008            
1.5999575e-006  -2.7213084e-008            
1.6099572e-006  -3.496429e-008            
1.619957e-006  -4.3380319e-008            
1.6299567e-006  -5.1739286e-008            
1.6399564e-006  -5.8583183e-008            
1.6499562e-006  -6.290073e-008            
1.6599559e-006  -6.5129021e-008            
1.6699557e-006  -6.6234001e-008            
1.6799554e-006  -6.6695181e-008            
1.6899551e-006  -6.6690775e-008            
1.6999549e-006  -6.6463631e-008            
1.7099546e-006  -6.6106376e-008            
1.7199543e-006  -6.5513723e-008            
1.7299541e-006  -6.4626767e-008            
1.7399538e-006  -6.3395896e-008            
1.7499535e-006  -6.1631372e-008            
1.7599533e-006  -5.8944334e-008            
1.769953e-006  -5.4017914e-008            
1.7799527e-006  -4.6170703e-008            
1.7899525e-006  -3.6241085e-008            
1.7999522e-006  -2.5000366e-008            
1.8099519e-006  -1.383784e-008            
1.8199517e-006  -5.0185156e-009            
1.8299514e-006  2.1596603e-010            
1.8399511e-006  2.4922732e-009            
1.8499509e-006  2.7737754e-009            
1.8599506e-006  1.6127137e-009            
1.8699503e-006  -9.2985232e-010            
1.8799501e-006  -4.7039443e-009            
1.8899498e-006  -9.402931e-009            
1.8999495e-006  -1.4874506e-008            
1.9099493e-006  -2.0928322e-008            
1.919949e-006  -2.7653137e-008            
1.9299487e-006  -3.5193417e-008            
1.9399485e-006  -4.3321781e-008            
1.9499482e-006  -5.1424218e-008            
1.959948e-006  -5.8047213e-008            
1.9699477e-006  -6.2333324e-008            
1.9799474e-006  -6.4930959e-008            
1.9899472e-006  -6.642068e-008            
1.9999469e-006  -6.7149376e-008            
2.0099466e-006  -6.7305726e-008            
2.0199464e-006  -6.7060299e-008            
2.0299461e-006  -6.6702226e-008            
2.0399458e-006  -6.6206323e-008            
2.0499456e-006  -6.5335933e-008            
2.0599453e-006  -6.3936261e-008            
2.069945e-006  -6.2171504e-008            
2.0799448e-006  -5.9682241e-008            
2.0899445e-006  -5.511252e-008            
2.0999442e-006  -4.7573185e-008            
2.109944e-006  -3.7574297e-008            
2.1199437e-006  -2.6097718e-008            
2.1299434e-006  -1.4598683e-008            
2.1399432e-006  -5.5811786e-009            
2.1499429e-006  -3.3963336e-010            
2.1599426e-006  1.8989036e-009            
2.1699424e-006  2.1184897e-009            
2.1799421e-006  9.8495823e-010            
2.1899418e-006  -1.4222008e-009            
2.1999416e-006  -4.9099233e-009            
2.2099413e-006  -9.2822573e-009            
2.219941e-006  -1.4508363e-008            
2.2299408e-006  -2.0531365e-008            
2.2399405e-006  -2.7257804e-008            
2.2499402e-006  -3.4776342e-008            
2.25994e-006  -4.3039603e-008            
2.2699397e-006  -5.1342414e-008            
2.2799395e-006  -5.8257424e-008            
2.2899392e-006  -6.2792151e-008            
2.2999389e-006  -6.5208191e-008            
2.3099387e-006  -6.6311808e-008            
2.3199384e-006  -6.6762366e-008            
2.3299381e-006  -6.6823117e-008            
2.3399379e-006  -6.6644457e-008            
2.3499376e-006  -6.6357119e-008            
2.3599373e-006  -6.5772509e-008            
2.3699371e-006  -6.4793212e-008            
2.3799368e-006  -6.352173e-008            
2.3899365e-006  -6.1812944e-008            
2.3999363e-006  -5.9198439e-008            
2.409936e-006  -5.4739464e-008            
2.4199357e-006  -4.734564e-008            
2.4299355e-006  -3.7368278e-008            
2.4399352e-006  -2.621149e-008            
2.4499349e-006  -1.5021387e-008            
2.4599347e-006  -5.9824054e-009            
2.4699344e-006  -5.5555051e-010            
2.4799341e-006  1.9596098e-009            
2.4899339e-006  2.5219411e-009            
2.4999336e-006  1.625501e-009            
2.5099333e-006  -5.5011381e-010            
2.5199331e-006  -3.7620069e-009            
2.5299328e-006  -7.9446325e-009            
2.5399325e-006  -1.3133471e-008            
2.5499323e-006  -1.9319379e-008            
2.559932e-006  -2.6527612e-008            
2.5699318e-006  -3.443901e-008            
2.5799315e-006  -4.2778198e-008            
2.5899312e-006  -5.1145141e-008            
2.599931e-006  -5.8063904e-008            
2.6099307e-006  -6.2514363e-008            
2.6199304e-006  -6.4986314e-008            
2.6299302e-006  -6.6300365e-008            
2.6399299e-006  -6.683567e-008            
2.6499296e-006  -6.6837677e-008            
2.6599294e-006  -6.6522584e-008            
2.6699291e-006  -6.6182905e-008            
2.6799288e-006  -6.5735831e-008            
2.6899286e-006  -6.505468e-008            
2.6999283e-006  -6.3915003e-008            
2.709928e-006  -6.2156961e-008            
2.7199278e-006  -5.9556143e-008            
2.7299275e-006  -5.499152e-008            
2.7399272e-006  -4.7448808e-008            
2.749927e-006  -3.7532692e-008            
2.7599267e-006  -2.626502e-008            
2.7699264e-006  -1.4850177e-008            
2.7799262e-006  -5.9042574e-009            
2.7899259e-006  -7.6583999e-010            
2.7999256e-006  1.4611692e-009            
2.8099254e-006  1.8647544e-009            
2.8199251e-006  9.4031144e-010            
2.8299248e-006  -1.3044574e-009            
2.8399246e-006  -4.7026371e-009            
2.8499243e-006  -8.9238241e-009            
2.8599241e-006  -1.3988814e-008            
2.8699238e-006  -2.000407e-008            
2.8799235e-006  -2.6823273e-008            
2.8899233e-006  -3.4290695e-008            
2.899923e-006  -4.2231565e-008            
2.9099227e-006  -5.0248534e-008            
2.9199225e-006  -5.7314191e-008            
2.9299222e-006  -6.2274729e-008            
2.9399219e-006  -6.5001876e-008            
2.9499217e-006  -6.6304463e-008            
2.9599214e-006  -6.6786198e-008            
2.9699211e-006  -6.6824055e-008            
2.9799209e-006  -6.6718948e-008            
2.9899206e-006  -6.6424045e-008            
2.9999203e-006  -6.590781e-008            
3.0099201e-006  -6.5166537e-008            
3.0199198e-006  -6.4001907e-008            
3.0299195e-006  -6.2288791e-008            
3.0399193e-006  -5.984714e-008            
3.049919e-006  -5.5812128e-008            
3.0599187e-006  -4.8871263e-008            
3.0699185e-006  -3.9207973e-008            
3.0799182e-006  -2.8060391e-008            
3.0899179e-006  -1.6585116e-008            
3.0999177e-006  -6.8243811e-009            
3.1099174e-006  -7.1959127e-010            
3.1199171e-006  1.8815678e-009            
3.1299169e-006  2.1849877e-009            
3.1399166e-006  9.4963414e-010            
3.1499163e-006  -1.5172283e-009            
3.1599161e-006  -5.0636472e-009            
3.1699158e-006  -9.4527209e-009            
3.1799156e-006  -1.4701644e-008            
3.1899153e-006  -2.0799508e-008            
3.199915e-006  -2.7535761e-008            
3.2099148e-006  -3.4904252e-008            
3.2199145e-006  -4.295166e-008            
3.2299142e-006  -5.1104467e-008            
3.239914e-006  -5.8148505e-008            
3.2499137e-006  -6.2844663e-008            
3.2599134e-006  -6.5279536e-008            
3.2699132e-006  -6.6333527e-008            
3.2799129e-006  -6.6589842e-008            
3.2899126e-006  -6.6570184e-008            
3.2999124e-006  -6.6434854e-008            
3.3099121e-006  -6.6111998e-008            
3.3199118e-006  -6.5660925e-008            
3.3299116e-006  -6.5011188e-008            
3.3399113e-006  -6.4044746e-008            
3.349911e-006  -6.2574031e-008            
3.3599108e-006  -6.0317765e-008            
3.3699105e-006  -5.6570431e-008            
3.3799102e-006  -5.0196063e-008            
3.38991e-006  -4.095653e-008            
3.3999097e-006  -2.9594538e-008            
3.4099094e-006  -1.7362388e-008            
3.4199092e-006  -7.0832243e-009            
3.4299089e-006  -1.0187444e-009            
3.4399086e-006  1.439895e-009            
3.4499084e-006  1.8172862e-009            
3.4599081e-006  7.6844578e-010            
3.4699079e-006  -1.5845979e-009            
3.4799076e-006  -5.0138462e-009            
3.4899073e-006  -9.2686733e-009            
3.4999071e-006  -1.4409026e-008            
3.5099068e-006  -2.0518704e-008            
3.5199065e-006  -2.7418254e-008            
3.5299063e-006  -3.5033509e-008            
3.539906e-006  -4.3261068e-008            
3.5499057e-006  -5.1500983e-008            
3.5599055e-006  -5.8373019e-008            
3.5699052e-006  -6.2671421e-008            
3.5799049e-006  -6.4964775e-008            
3.5899047e-006  -6.6167521e-008            
3.5999044e-006  -6.6727132e-008            
3.6099041e-006  -6.6853084e-008            
3.6199039e-006  -6.6552491e-008            
3.6299036e-006  -6.6079296e-008            
3.6399033e-006  -6.5551591e-008            
3.6499031e-006  -6.4831603e-008            
3.6599028e-006  -6.3736124e-008            
3.6699025e-006  -6.2128833e-008            
3.6799023e-006  -5.979778e-008            
3.689902e-006  -5.5925542e-008            
3.6999017e-006  -4.9456143e-008            
3.7099015e-006  -4.0285425e-008            
3.7199012e-006  -2.9234717e-008            
3.7299009e-006  -1.7754591e-008            
3.7399007e-006  -8.1029821e-009            
3.7499004e-006  -1.7356512e-009            
3.7599001e-006  1.4753869e-009            
3.7698999e-006  2.3626926e-009            
3.7798996e-006  1.5206674e-009            
3.7898994e-006  -7.8207378e-010            
3.7998991e-006  -4.284831e-009            
3.8098988e-006  -8.7437188e-009            
3.8198986e-006  -1.4104332e-008            
3.8298983e-006  -2.0308147e-008            
3.839898e-006  -2.7019776e-008            
3.8498978e-006  -3.4181454e-008            
3.8598975e-006  -4.1796329e-008            
3.8698972e-006  -4.9830452e-008            
3.879897e-006  -5.73314e-008            
3.8898967e-006  -6.2732509e-008            
3.8998964e-006  -6.5685446e-008            
3.9098962e-006  -6.6820835e-008            
3.9198959e-006  -6.705982e-008            
3.9298956e-006  -6.7032349e-008            
3.9398954e-006  -6.6842913e-008            
3.9498951e-006  -6.6409627e-008            
3.9598948e-006  -6.5683194e-008            
3.9698946e-006  -6.4785281e-008            
3.9798943e-006  -6.3656899e-008            
3.989894e-006  -6.2154366e-008            
3.9998938e-006  -5.9881576e-008            
4.0098935e-006  -5.5755169e-008            
4.0198932e-006  -4.8889566e-008            
4.029893e-006  -3.9402944e-008            
4.0398927e-006  -2.8178329e-008            
4.0498924e-006  -1.6851753e-008            
4.0598922e-006  -7.4432847e-009            
4.0698919e-006  -1.4107675e-009            
4.0798917e-006  1.4757491e-009            
4.0898914e-006  2.1633528e-009            
4.0998911e-006  1.3448691e-009            
4.1098909e-006  -7.1910066e-010            
4.1198906e-006  -3.9715906e-009            
4.1298903e-006  -8.1101228e-009            
4.1398901e-006  -1.3205888e-008            
4.1498898e-006  -1.9283195e-008            
4.1598895e-006  -2.603034e-008            
4.1698893e-006  -3.333389e-008            
4.179889e-006  -4.102531e-008            
4.1898887e-006  -4.9121925e-008            
4.1998885e-006  -5.6511792e-008            
4.2098882e-006  -6.1853689e-008            
4.2198879e-006  -6.5022232e-008            
4.2298877e-006  -6.6622895e-008            
4.2398874e-006  -6.7274675e-008            
4.2498871e-006  -6.7352858e-008            
4.2598869e-006  -6.7164451e-008            
4.2698866e-006  -6.683901e-008            
4.2798863e-006  -6.6344263e-008            
4.2898861e-006  -6.5706856e-008            
4.2998858e-006  -6.4829317e-008            
4.3098855e-006  -6.3370435e-008            
4.3198853e-006  -6.0995864e-008            
4.329885e-006  -5.6881005e-008            
4.3398847e-006  -4.9711256e-008            
4.3498845e-006  -3.9432348e-008            
4.3598842e-006  -2.7688345e-008            
4.369884e-006  -1.6363472e-008            
4.3798837e-006  -7.5818886e-009            
4.3898834e-006  -2.1220216e-009            
4.3998832e-006  7.6483858e-010            
4.4098829e-006  1.6548734e-009            
4.4198826e-006  9.9635377e-010            
4.4298824e-006  -1.1026565e-009            
4.4398821e-006  -4.4072567e-009            
4.4498818e-006  -8.6335576e-009            
4.4598816e-006  -1.3902248e-008            
4.4698813e-006  -1.9866419e-008            
4.479881e-006  -2.6412542e-008            
4.4898808e-006  -3.3564883e-008            
4.4998805e-006  -4.1330986e-008            
4.5098802e-006  -4.9812506e-008            
4.51988e-006  -5.7516965e-008            
4.5298797e-006  -6.269863e-008            
4.5398794e-006  -6.5432801e-008            
4.5498792e-006  -6.6753361e-008            
4.5598789e-006  -6.7397149e-008            
4.5698786e-006  -6.7590695e-008            
4.5798784e-006  -6.7375327e-008            
4.5898781e-006  -6.6908876e-008            
4.5998778e-006  -6.6348188e-008            
4.6098776e-006  -6.563254e-008            
4.6198773e-006  -6.4589642e-008            
4.629877e-006  -6.3061581e-008            
4.6398768e-006  -6.077748e-008            
4.6498765e-006  -5.6998709e-008            
4.6598762e-006  -5.0233615e-008            
4.669876e-006  -4.0133159e-008            
4.6798757e-006  -2.8515602e-008            
4.6898755e-006  -1.7258559e-008            
4.6998752e-006  -7.9866063e-009            
4.7098749e-006  -1.9022467e-009            
4.7198747e-006  1.1102341e-009            
4.7298744e-006  1.8912312e-009            
4.7398741e-006  1.0711575e-009            
4.7498739e-006  -1.0518361e-009            
4.7598736e-006  -4.3392202e-009            
4.7698733e-006  -8.5826042e-009            
4.7798731e-006  -1.3755495e-008            
4.7898728e-006  -1.9791571e-008            
4.7998725e-006  -2.6564535e-008            
4.8098723e-006  -3.3818034e-008            
4.819872e-006  -4.1610071e-008            
4.8298717e-006  -4.9795e-008            
4.8398715e-006  -5.7147686e-008            
4.8498712e-006  -6.2330817e-008            
4.8598709e-006  -6.52241e-008            
4.8698707e-006  -6.6618639e-008            
4.8798704e-006  -6.7126803e-008            
4.8898701e-006  -6.7224186e-008            
4.8998699e-006  -6.7180915e-008            
4.9098696e-006  -6.6937353e-008            
4.9198693e-006  -6.6450322e-008            
4.9298691e-006  -6.5694727e-008            
4.9398688e-006  -6.4628223e-008            
4.9498685e-006  -6.3219382e-008            
4.9598683e-006  -6.129186e-008            
4.969868e-006  -5.7920135e-008            
4.9798678e-006  -5.142743e-008            
4.9898675e-006  -4.1448004e-008            
4.9998672e-006  -2.9630254e-008            
5.009867e-006  -1.8145865e-008            
5.0198667e-006  -8.9552924e-009            
5.0298664e-006  -2.7744812e-009            
5.0398662e-006  5.5962117e-010            
5.0498659e-006  1.495971e-009            
5.0598656e-006  6.4475996e-010            
5.0698654e-006  -1.6170041e-009            
5.0798651e-006  -4.9115383e-009            
5.0898648e-006  -9.1099048e-009            
5.0998646e-006  -1.4255906e-008            
5.1098643e-006  -2.0296112e-008            
5.119864e-006  -2.7041362e-008            
5.1298638e-006  -3.4297476e-008            
5.1398635e-006  -4.2359545e-008            
5.1498632e-006  -5.0609889e-008            
5.159863e-006  -5.770023e-008            
5.1698627e-006  -6.2638276e-008            
5.1798624e-006  -6.5439096e-008            
5.1898622e-006  -6.6817161e-008            
5.1998619e-006  -6.7399904e-008            
5.2098616e-006  -6.75143e-008            
5.2198614e-006  -6.7311848e-008            
5.2298611e-006  -6.6955817e-008            
5.2398608e-006  -6.6449446e-008            
5.2498606e-006  -6.5753137e-008            
5.2598603e-006  -6.4777668e-008            
5.2698601e-006  -6.3392221e-008            
5.2798598e-006  -6.1344943e-008            
5.2898595e-006  -5.79937e-008            
5.2998593e-006  -5.1895609e-008            
5.309859e-006  -4.2672359e-008            
5.3198587e-006  -3.1452474e-008            
5.3298585e-006  -1.9912517e-008            
5.3398582e-006  -1.015021e-008            
5.3498579e-006  -3.3709638e-009            
5.3598577e-006  1.4026695e-010            
5.3698574e-006  1.1224771e-009            
5.3798571e-006  4.7186613e-010            
5.3898569e-006  -1.6092577e-009            
5.3998566e-006  -4.9214105e-009            
5.4098563e-006  -9.2118912e-009            
5.4198561e-006  -1.4444225e-008            
5.4298558e-006  -2.0465346e-008            
5.4398555e-006  -2.6881581e-008            
5.4498553e-006  -3.397664e-008            
5.459855e-006  -4.2009235e-008            
5.4698547e-006  -5.0366918e-008            
5.4798545e-006  -5.7763521e-008            
5.4898542e-006  -6.2838541e-008            
5.4998539e-006  -6.5534043e-008            
5.5098537e-006  -6.6737915e-008            
5.5198534e-006  -6.7108915e-008            
5.5298531e-006  -6.7151448e-008            
5.5398529e-006  -6.7014412e-008            
5.5498526e-006  -6.6727751e-008            
5.5598523e-006  -6.6297575e-008            
5.5698521e-006  -6.5623139e-008            
5.5798518e-006  -6.4631926e-008            
5.5898516e-006  -6.3202621e-008            
5.5998513e-006  -6.1055749e-008            
5.609851e-006  -5.7559942e-008            
5.6198508e-006  -5.1262075e-008            
5.6298505e-006  -4.1782866e-008            
5.6398502e-006  -3.0544825e-008            
5.64985e-006  -1.9161325e-008            
5.6598497e-006  -9.4901924e-009            
5.6698494e-006  -2.9855558e-009            
5.6798492e-006  4.0310439e-010            
5.6898489e-006  1.5188189e-009            
5.6998486e-006  9.2211307e-010            
5.7098484e-006  -1.1186674e-009            
5.7198481e-006  -4.4292054e-009            
5.7298478e-006  -8.722139e-009            
5.7398476e-006  -1.390878e-008            
5.7498473e-006  -1.9982196e-008            
5.759847e-006  -2.6709131e-008            
5.7698468e-006  -3.4128545e-008            
5.7798465e-006  -4.2112884e-008            
5.7898462e-006  -5.0110778e-008            
5.799846e-006  -5.71594e-008            
5.8098457e-006  -6.2058049e-008            
5.8198454e-006  -6.4896319e-008            
5.8298452e-006  -6.6542456e-008            
5.8398449e-006  -6.7395429e-008            
5.8498446e-006  -6.7649831e-008            
5.8598444e-006  -6.7540253e-008            
5.8698441e-006  -6.7205477e-008            
5.8798439e-006  -6.6689175e-008            
5.8898436e-006  -6.5989632e-008            
5.8998433e-006  -6.4954783e-008            
5.9098431e-006  -6.3528332e-008            
5.9198428e-006  -6.1628205e-008            
5.9298425e-006  -5.8177914e-008            
5.9398423e-006  -5.1640913e-008            
5.949842e-006  -4.1964478e-008            
5.9598417e-006  -3.0451503e-008            
5.9698415e-006  -1.8966364e-008            
5.9798412e-006  -9.415041e-009            
5.9898409e-006  -2.9830351e-009            
5.9998407e-006  4.1665065e-010            
6.0098404e-006  1.5405044e-009            
6.0198401e-006  1.0005883e-009            
6.0298399e-006  -9.3703668e-010            
6.0398396e-006  -4.1362997e-009            
6.0498393e-006  -8.2922559e-009            
6.0598391e-006  -1.3238184e-008            
6.0698388e-006  -1.9046852e-008            
6.0798385e-006  -2.5634665e-008            
6.0898383e-006  -3.2831332e-008            
6.099838e-006  -4.0552368e-008            
6.1098377e-006  -4.8532021e-008            
6.1198375e-006  -5.5914969e-008            
6.1298372e-006  -6.1547412e-008            
6.1398369e-006  -6.5129908e-008            
6.1498367e-006  -6.7012412e-008            
6.1598364e-006  -6.7788744e-008            
6.1698361e-006  -6.7986076e-008            
6.1798359e-006  -6.7862077e-008            
6.1898356e-006  -6.7571862e-008            
6.1998354e-006  -6.7114473e-008            
6.2098351e-006  -6.6432854e-008            
6.2198348e-006  -6.5349909e-008            
6.2298346e-006  -6.379321e-008            
6.2398343e-006  -6.1736243e-008            
6.249834e-006  -5.834623e-008            
6.2598338e-006  -5.2030232e-008            
6.2698335e-006  -4.2444673e-008            
6.2798332e-006  -3.1040857e-008            
6.289833e-006  -1.9577073e-008            
6.2998327e-006  -9.8795901e-009            
6.3098324e-006  -3.3120933e-009            
6.3198322e-006  2.6107993e-010            
6.3298319e-006  1.5598338e-009            
6.3398316e-006  1.040666e-009            
6.3498314e-006  -9.4106932e-010            
6.3598311e-006  -4.1494149e-009            
6.3698308e-006  -8.3378277e-009            
6.3798306e-006  -1.3379696e-008            
6.3898303e-006  -1.9106729e-008            
6.39983e-006  -2.5450216e-008            
6.4098298e-006  -3.2575348e-008            
6.4198295e-006  -4.0539006e-008            
6.4298292e-006  -4.9001714e-008            
6.439829e-006  -5.672097e-008            
6.4498287e-006  -6.2340613e-008            
6.4598284e-006  -6.5599575e-008            
6.4698282e-006  -6.7131247e-008            
6.4798279e-006  -6.7823845e-008            
6.4898277e-006  -6.8080704e-008            
6.4998274e-006  -6.8071436e-008            
6.5098271e-006  -6.7834123e-008            
6.5198269e-006  -6.7326784e-008            
6.5298266e-006  -6.6549554e-008            
6.5398263e-006  -6.5608432e-008            
6.5498261e-006  -6.4324061e-008            
6.5598258e-006  -6.2289375e-008            
6.5698255e-006  -5.8897348e-008            
6.5798253e-006  -5.3033239e-008            
6.589825e-006  -4.4236581e-008            
6.5998247e-006  -3.358742e-008            
6.6098245e-006  -2.1921108e-008            
6.6198242e-006  -1.0951613e-008            
6.6298239e-006  -3.3191854e-009            
6.6398237e-006  4.6066932e-010            
6.6498234e-006  1.5571007e-009            
6.6598231e-006  9.3022202e-010            
6.6698229e-006  -1.1796753e-009            
6.6798226e-006  -4.5106912e-009            
6.6898223e-006  -8.7047465e-009            
6.6998221e-006  -1.371935e-008            
6.7098218e-006  -1.9487832e-008            
6.7198215e-006  -2.6059325e-008            
6.7298213e-006  -3.3368622e-008            
6.739821e-006  -4.1252715e-008            
6.7498207e-006  -4.9442822e-008            
6.7598205e-006  -5.7011881e-008            
6.7698202e-006  -6.2688116e-008            
6.77982e-006  -6.603386e-008            
6.7898197e-006  -6.7752844e-008            
6.7998194e-006  -6.8509582e-008            
6.8098192e-006  -6.8662216e-008            
6.8198189e-006  -6.8534544e-008            
6.8298186e-006  -6.818031e-008            
6.8398184e-006  -6.7583848e-008            
6.8498181e-006  -6.6818252e-008            
6.8598178e-006  -6.5865128e-008            
6.8698176e-006  -6.4550063e-008            
6.8798173e-006  -6.2615729e-008            
6.889817e-006  -5.9521158e-008            
6.8998168e-006  -5.3833317e-008            
6.9098165e-006  -4.5204083e-008            
6.9198162e-006  -3.4778832e-008            
6.929816e-006  -2.3100981e-008            
6.9398157e-006  -1.199979e-008            
6.9498154e-006  -4.2913063e-009            
6.9598152e-006  -3.2531909e-010            
6.9698149e-006  9.7285856e-010            
6.9798146e-006  3.5379257e-010            
6.9898144e-006  -1.7857302e-009            
6.9998141e-006  -5.0408802e-009            
7.0098138e-006  -9.1267761e-009            
7.0198136e-006  -1.4058388e-008            
7.0298133e-006  -1.9897711e-008            
7.039813e-006  -2.6539524e-008            
7.0498128e-006  -3.390879e-008            
7.0598125e-006  -4.2049956e-008            
7.0698122e-006  -5.0585064e-008            
7.079812e-006  -5.8223576e-008            
7.0898117e-006  -6.3654989e-008            
7.0998115e-006  -6.6578085e-008            
7.1098112e-006  -6.7870102e-008            
7.1198109e-006  -6.8457991e-008            
7.1298107e-006  -6.8536288e-008            
7.1398104e-006  -6.8313171e-008            
7.1498101e-006  -6.8057198e-008            
7.1598099e-006  -6.7699971e-008            
7.1698096e-006  -6.707933e-008            
7.1798093e-006  -6.6151984e-008            
7.1898091e-006  -6.4794896e-008            
7.1998088e-006  -6.2788218e-008            
7.2098085e-006  -5.9650918e-008            
7.2198083e-006  -5.4258386e-008            
7.229808e-006  -4.6263885e-008            
7.2398077e-006  -3.5913244e-008            
7.2498075e-006  -2.3974147e-008            
7.2598072e-006  -1.2784737e-008            
7.2698069e-006  -4.7593991e-009            
7.2798067e-006  -3.7754852e-010            
7.2898064e-006  1.1962732e-009            
7.2998061e-006  7.8202166e-010            
7.3098059e-006  -1.1629904e-009            
7.3198056e-006  -4.350004e-009            
7.3298053e-006  -8.4695979e-009            
7.3398051e-006  -1.3344672e-008            
7.3498048e-006  -1.9119616e-008            
7.3598045e-006  -2.5656683e-008            
7.3698043e-006  -3.2930787e-008            
7.379804e-006  -4.0939123e-008            
7.3898038e-006  -4.9108328e-008            
7.3998035e-006  -5.682964e-008            
7.4098032e-006  -6.2766195e-008            
7.419803e-006  -6.6159797e-008            
7.4298027e-006  -6.7790147e-008            
7.4398024e-006  -6.8476679e-008            
7.4498022e-006  -6.8768611e-008            
7.4598019e-006  -6.8832812e-008            
7.4698016e-006  -6.8610018e-008            
7.4798014e-006  -6.8113518e-008            
7.4898011e-006  -6.7415502e-008            
7.4998008e-006  -6.6454021e-008            
7.5098006e-006  -6.4977733e-008            
7.5198003e-006  -6.2897737e-008            
7.5298e-006  -5.9820442e-008            
7.5397998e-006  -5.4326774e-008            
7.5497995e-006  -4.5906961e-008            
7.5597992e-006  -3.5453306e-008            
7.569799e-006  -2.3756232e-008            
7.5797987e-006  -1.260157e-008            
7.5897984e-006  -4.7166103e-009            
7.5997982e-006  -5.8841521e-010            
7.6097979e-006  9.5275141e-010            
7.6197976e-006  6.0251266e-010            
7.6297974e-006  -1.1742878e-009            
7.6397971e-006  -4.0383504e-009            
7.6497968e-006  -7.8335845e-009            
7.6597966e-006  -1.2707468e-008            
7.6697963e-006  -1.8706236e-008            
7.6797961e-006  -2.550649e-008            
7.6897958e-006  -3.3037509e-008            
7.6997955e-006  -4.1117499e-008            
7.7097953e-006  -4.9318186e-008            
7.719795e-006  -5.7060784e-008            
7.7297947e-006  -6.2835787e-008            
7.7397945e-006  -6.6138748e-008            
7.7497942e-006  -6.7730677e-008            
7.7597939e-006  -6.8337464e-008            
7.7697937e-006  -6.8464998e-008            
7.7797934e-006  -6.8312544e-008            
7.7897931e-006  -6.8010328e-008            
7.7997929e-006  -6.7506403e-008            
7.8097926e-006  -6.6839156e-008            
7.8197923e-006  -6.5982331e-008            
7.8297921e-006  -6.4735556e-008            
7.8397918e-006  -6.2822604e-008            
7.8497915e-006  -5.955961e-008            
7.8597913e-006  -5.3992056e-008            
7.869791e-006  -4.5664126e-008            
7.8797907e-006  -3.4992052e-008            
7.8897905e-006  -2.2904303e-008            
7.8997902e-006  -1.1760038e-008            
7.9097899e-006  -4.2152264e-009            
7.9197897e-006  -4.0766383e-010            
7.9297894e-006  8.5839426e-010            
7.9397891e-006  3.9141215e-010            
7.9497889e-006  -1.469322e-009            
7.9597886e-006  -4.4095923e-009            
7.9697883e-006  -8.2169522e-009            
7.9797881e-006  -1.3096965e-008            
7.9897878e-006  -1.8893331e-008            
7.9997876e-006  -2.5304281e-008            
8.0097873e-006  -3.2404022e-008            
8.019787e-006  -4.0220529e-008            
8.0297868e-006  -4.8456297e-008            
8.0397865e-006  -5.6203799e-008            
8.0497862e-006  -6.2055912e-008            
8.059786e-006  -6.5583641e-008            
8.0697857e-006  -6.7432637e-008            
8.0797854e-006  -6.8279793e-008            
8.0897852e-006  -6.8619331e-008            
8.0997849e-006  -6.8618266e-008            
8.1097846e-006  -6.8270773e-008            
8.1197844e-006  -6.7718679e-008            
8.1297841e-006  -6.7046102e-008            
8.1397838e-006  -6.6045202e-008            
8.1497836e-006  -6.4555525e-008            
8.1597833e-006  -6.254314e-008            
8.169783e-006  -5.9481284e-008            
8.1797828e-006  -5.4210065e-008            
8.1897825e-006  -4.5798179e-008            
8.1997822e-006  -3.5190715e-008            
8.209782e-006  -2.3471554e-008            
8.2197817e-006  -1.2120335e-008            
8.2297814e-006  -4.0368308e-009            
8.2397812e-006  -6.0151076e-011            
8.2497809e-006  1.1950512e-009            
8.2597806e-006  6.8114388e-010            
8.2697804e-006  -1.259857e-009            
8.2797801e-006  -4.3048486e-009            
8.2897799e-006  -8.2662998e-009            
8.2997796e-006  -1.3109802e-008            
8.3097793e-006  -1.8839403e-008            
8.3197791e-006  -2.5442373e-008            
8.3297788e-006  -3.2829492e-008            
8.3397785e-006  -4.0638834e-008            
8.3497783e-006  -4.8878976e-008            
8.359778e-006  -5.6661738e-008            
8.3697777e-006  -6.2261481e-008            
8.3797775e-006  -6.5597015e-008            
8.3897772e-006  -6.7468528e-008            
8.3997769e-006  -6.8397411e-008            
8.4097767e-006  -6.8731013e-008            
8.4197764e-006  -6.8621048e-008            
8.4297761e-006  -6.8276054e-008            
8.4397759e-006  -6.7764464e-008            
8.4497756e-006  -6.7085505e-008            
8.4597753e-006  -6.6158729e-008            
8.4697751e-006  -6.4789871e-008            
8.4797748e-006  -6.2795429e-008            
8.4897745e-006  -5.9689114e-008            
8.4997743e-006  -5.4289085e-008            
8.509774e-006  -4.5980029e-008            
8.5197737e-006  -3.551673e-008            
8.5297735e-006  -2.3794808e-008            
8.5397732e-006  -1.2528577e-008            
8.5497729e-006  -4.334627e-009            
8.5597727e-006  7.6591382e-011            
8.5697724e-006  1.7041686e-009            
8.5797722e-006  1.346908e-009            
8.5897719e-006  -4.4769653e-010            
8.5997716e-006  -3.4782628e-009            
8.6097714e-006  -7.6052368e-009            
8.6197711e-006  -1.2627977e-008            
8.6297708e-006  -1.8448941e-008            
8.6397706e-006  -2.5026092e-008            
8.6497703e-006  -3.2198632e-008            
8.65977e-006  -3.9903478e-008            
8.6697698e-006  -4.818834e-008            
8.6797695e-006  -5.6016e-008            
8.6897692e-006  -6.1608211e-008            
8.699769e-006  -6.472705e-008            
8.7097687e-006  -6.63664e-008            
8.7197684e-006  -6.7248004e-008            
8.7297682e-006  -6.7652344e-008            
8.7397679e-006  -6.7734087e-008            
8.7497676e-006  -6.7651235e-008            
8.7597674e-006  -6.7362648e-008            
8.7697671e-006  -6.6728413e-008            
8.7797668e-006  -6.5752449e-008            
8.7897666e-006  -6.4420002e-008            
8.7997663e-006  -6.2564792e-008            
8.809766e-006  -5.9743901e-008            
8.8197658e-006  -5.4603266e-008            
8.8297655e-006  -4.6194137e-008            
8.8397652e-006  -3.548675e-008            
8.849765e-006  -2.3593261e-008            
8.8597647e-006  -1.2256159e-008            
8.8697644e-006  -4.1451249e-009            
8.8797642e-006  3.1216519e-010            
8.8897639e-006  2.0409951e-009            
8.8997637e-006  1.7090492e-009            
8.9097634e-006  -1.1824851e-010            
8.9197631e-006  -3.2789826e-009            
8.9297629e-006  -7.5474821e-009            
8.9397626e-006  -1.2653264e-008            
8.9497623e-006  -1.8579462e-008            
8.9597621e-006  -2.5239602e-008            
8.9697618e-006  -3.2400975e-008            
8.9797615e-006  -4.0156431e-008            
8.9897613e-006  -4.8481277e-008            
8.999761e-006  -5.6309812e-008            
9.0097607e-006  -6.2150704e-008            
9.0197605e-006  -6.5576229e-008            
9.0297602e-006  -6.7365038e-008            
9.0397599e-006  -6.8137556e-008            
9.0497597e-006  -6.8172531e-008            
9.0597594e-006  -6.7833995e-008            
9.0697591e-006  -6.7522334e-008            
9.0797589e-006  -6.7272151e-008            
9.0897586e-006  -6.6754594e-008            
9.0997583e-006  -6.586347e-008            
9.1097581e-006  -6.4606845e-008            
9.1197578e-006  -6.2865712e-008            
9.1297575e-006  -6.0087592e-008            
9.1397573e-006  -5.5019084e-008            
9.149757e-006  -4.6677018e-008            
9.1597567e-006  -3.5833397e-008            
9.1697565e-006  -2.3997821e-008            
9.1797562e-006  -1.2957446e-008            
9.189756e-006  -4.6620778e-009            
9.1997557e-006  6.0193062e-011            
9.2097554e-006  1.7934138e-009            
9.2197552e-006  1.5831865e-009            
9.2297549e-006  -9.0464577e-012            
9.2397546e-006  -2.8468508e-009            
9.2497544e-006  -6.8380972e-009            
9.2597541e-006  -1.1844299e-008            
9.2697538e-006  -1.7720069e-008            
9.2797536e-006  -2.4339353e-008            
9.2897533e-006  -3.1439248e-008            
9.299753e-006  -3.9313408e-008            
9.3097528e-006  -4.7783986e-008            
9.3197525e-006  -5.5631377e-008            
9.3297522e-006  -6.1494723e-008            
9.339752e-006  -6.4920664e-008            
9.3497517e-006  -6.6816855e-008            
9.3597514e-006  -6.7843136e-008            
9.3697512e-006  -6.8152408e-008            
9.3797509e-006  -6.8009128e-008            
9.3897506e-006  -6.7618969e-008            
9.3997504e-006  -6.7086157e-008            
9.4097501e-006  -6.6332211e-008            
9.4197498e-006  -6.533811e-008            
9.4297496e-006  -6.4060144e-008            
9.4397493e-006  -6.2249269e-008            
9.449749e-006  -5.940224e-008            
9.4597488e-006  -5.4419726e-008            
9.4697485e-006  -4.6553557e-008            
9.4797482e-006  -3.6311547e-008            
9.489748e-006  -2.4748725e-008            
9.4997477e-006  -1.3528562e-008            
9.5097475e-006  -4.8578618e-009            
9.5197472e-006  2.4348853e-011            
9.5297469e-006  1.9344816e-009            
9.5397467e-006  2.0106435e-009            
9.5497464e-006  6.3232843e-010            
9.5597461e-006  -2.0842833e-009            
9.5697459e-006  -6.0230297e-009            
9.5797456e-006  -1.1014817e-008            
9.5897453e-006  -1.6961694e-008            
9.5997451e-006  -2.3687561e-008            
9.6097448e-006  -3.1107818e-008            
9.6197445e-006  -3.9126271e-008            
9.6297443e-006  -4.7414106e-008            
9.639744e-006  -5.5323597e-008            
9.6497437e-006  -6.1463619e-008            
9.6597435e-006  -6.5106245e-008            
9.6697432e-006  -6.6833536e-008            
9.6797429e-006  -6.7534935e-008            
9.6897427e-006  -6.7758977e-008            
9.6997424e-006  -6.7568374e-008            
9.7097421e-006  -6.7229843e-008            
9.7197419e-006  -6.678681e-008            
9.7297416e-006  -6.6118864e-008            
9.7397413e-006  -6.5157052e-008            
9.7497411e-006  -6.3691216e-008            
9.7597408e-006  -6.1643921e-008            
9.7697405e-006  -5.8570033e-008            
9.7797403e-006  -5.3463649e-008            
9.78974e-006  -4.5641773e-008            
9.7997398e-006  -3.563981e-008            
9.8097395e-006  -2.3938977e-008            
9.8197392e-006  -1.179052e-008            
9.829739e-006  -2.8408939e-009            
9.8397387e-006  1.3100608e-009            
9.8497384e-006  2.4231085e-009            
9.8597382e-006  1.9241264e-009            
9.8697379e-006  2.2496464e-010            
9.8797376e-006  -2.6200445e-009            
9.8897374e-006  -6.5005576e-009            
9.8997371e-006  -1.139537e-008            
9.9097368e-006  -1.7208859e-008            
9.9197366e-006  -2.3842608e-008            
9.9297363e-006  -3.1354731e-008            
9.939736e-006  -3.9147987e-008            
9.9497358e-006  -4.6909657e-008            
9.9597355e-006  -5.4206992e-008            
9.9697352e-006  -5.9979882e-008            
9.979735e-006  -6.3791695e-008            
9.9897347e-006  -6.5989445e-008            
9.9997344e-006  -6.7096212e-008            
1.0009734e-005  -6.7494264e-008            
1.0019734e-005  -6.746805e-008            
1.0029734e-005  -6.7279951e-008            
1.0039733e-005  -6.6969498e-008            
1.0049733e-005  -6.6304008e-008            
1.0059733e-005  -6.5317103e-008            
1.0069733e-005  -6.4086663e-008            
1.0079732e-005  -6.2270376e-008            
1.0089732e-005  -5.9327592e-008            
1.0099732e-005  -5.4361416e-008            
1.0109732e-005  -4.6926385e-008            
1.0119731e-005  -3.7576943e-008            
1.0129731e-005  -2.6405939e-008            
1.0139731e-005  -1.3433226e-008            
1.014973e-005  -3.4919206e-009            
1.015973e-005  8.6449552e-010            
1.016973e-005  2.0797796e-009            
1.017973e-005  1.5670911e-009            
1.0189729e-005  -3.5789696e-010            
1.0199729e-005  -3.6435097e-009            
1.0209729e-005  -8.0413606e-009            
1.0219729e-005  -1.3357928e-008            
1.0229728e-005  -1.9549815e-008            
1.0239728e-005  -2.6434948e-008            
1.0249728e-005  -3.3816127e-008            
1.0259728e-005  -4.1487974e-008            
1.0269727e-005  -4.9236432e-008            
1.0279727e-005  -5.6311266e-008            
1.0289727e-005  -6.1414594e-008            
1.0299726e-005  -6.4455079e-008            
1.0309726e-005  -6.626917e-008            
1.0319726e-005  -6.7262984e-008            
1.0329726e-005  -6.7640829e-008            
1.0339725e-005  -6.7550717e-008            
1.0349725e-005  -6.7187108e-008            
1.0359725e-005  -6.6657621e-008            
1.0369725e-005  -6.6027175e-008            
1.0379724e-005  -6.5240758e-008            
1.0389724e-005  -6.4041864e-008            
1.0399724e-005  -6.2432434e-008            
1.0409724e-005  -6.0146698e-008            
1.0419723e-005  -5.6288227e-008            
1.0429723e-005  -5.0506897e-008            
1.0439723e-005  -4.3007783e-008            
1.0449722e-005  -3.3181818e-008            
1.0459722e-005  -2.1290647e-008            
1.0469722e-005  -1.0664895e-008            
1.0479722e-005  -4.2980429e-009            
1.0489721e-005  -1.8765863e-009            
1.0499721e-005  -1.8766282e-009            
1.0509721e-005  -3.6373822e-009            
1.0519721e-005  -6.7646123e-009            
1.052972e-005  -1.1013283e-008            
1.053972e-005  -1.6296449e-008            
1.054972e-005  -2.2454844e-008            
1.055972e-005  -2.9378357e-008            
1.0569719e-005  -3.6729364e-008            
1.0579719e-005  -4.4263778e-008            
1.0589719e-005  -5.1815725e-008            
1.0599719e-005  -5.8366499e-008            
1.0609718e-005  -6.2762232e-008            
1.0619718e-005  -6.5265449e-008            
1.0629718e-005  -6.660213e-008            
1.0639717e-005  -6.7223755e-008            
1.0649717e-005  -6.7368146e-008            
1.0659717e-005  -6.7148111e-008            
1.0669717e-005  -6.6758304e-008            
1.0679716e-005  -6.6261508e-008            
1.0689716e-005  -6.5675229e-008            
1.0699716e-005  -6.4979994e-008            
1.0709716e-005  -6.4110276e-008            
1.0719715e-005  -6.2903835e-008            
1.0729715e-005  -6.1020536e-008            
1.0739715e-005  -5.7980379e-008            
1.0749715e-005  -5.3460851e-008            
1.0759714e-005  -4.7112676e-008            
1.0769714e-005  -3.8062904e-008            
1.0779714e-005  -2.7066312e-008            
1.0789713e-005  -1.7126087e-008            
1.0799713e-005  -1.0463749e-008            
1.0809713e-005  -7.2687492e-009            
1.0819713e-005  -6.6468864e-009            
1.0829712e-005  -7.9392896e-009            
1.0839712e-005  -1.0663982e-008            
1.0849712e-005  -1.4592909e-008            
1.0859712e-005  -1.9598086e-008            
1.0869711e-005  -2.5427859e-008            
1.0879711e-005  -3.2102845e-008            
1.0889711e-005  -3.929947e-008            
1.0899711e-005  -4.6588616e-008            
1.090971e-005  -5.3581955e-008            
1.091971e-005  -5.9650648e-008            
1.092971e-005  -6.3928764e-008            
1.0939709e-005  -6.6230089e-008            
1.0949709e-005  -6.7197277e-008            
1.0959709e-005  -6.7477427e-008            
1.0969709e-005  -6.7594466e-008            
1.0979708e-005  -6.7617063e-008            
1.0989708e-005  -6.7435362e-008            
1.0999708e-005  -6.7021892e-008            
1.1009708e-005  -6.6370341e-008            
1.1019707e-005  -6.5579039e-008            
1.1029707e-005  -6.4600323e-008            
1.1039707e-005  -6.3158112e-008            
1.1049707e-005  -6.1196071e-008            
1.1059706e-005  -5.8648014e-008            
1.1069706e-005  -5.5129904e-008            
1.1079706e-005  -4.9600156e-008            
1.1089705e-005  -4.0956357e-008            
1.1099705e-005  -3.0689252e-008            
1.1109705e-005  -2.1539284e-008            
1.1119705e-005  -1.5171836e-008            
1.1129704e-005  -1.1932555e-008            
1.1139704e-005  -1.108809e-008            
1.1149704e-005  -1.199262e-008            
1.1159704e-005  -1.4305067e-008            
1.1169703e-005  -1.7764208e-008            
1.1179703e-005  -2.2095953e-008            
1.1189703e-005  -2.7322715e-008            
1.1199703e-005  -3.3561505e-008            
1.1209702e-005  -4.04322e-008            
1.1219702e-005  -4.7271902e-008            
1.1229702e-005  -5.3506921e-008            
1.1239702e-005  -5.8826211e-008            
1.1249701e-005  -6.2997833e-008            
1.1259701e-005  -6.5693438e-008            
1.1269701e-005  -6.7111608e-008            
1.12797e-005  -6.7811551e-008            
1.12897e-005  -6.808988e-008            
1.12997e-005  -6.8075117e-008            
1.13097e-005  -6.7973404e-008            
1.1319699e-005  -6.7733854e-008            
1.1329699e-005  -6.7145666e-008            
1.1339699e-005  -6.6235525e-008            
1.1349699e-005  -6.5162654e-008            
1.1359698e-005  -6.3804059e-008            
1.1369698e-005  -6.2042852e-008            
1.1379698e-005  -5.9706685e-008            
1.1389698e-005  -5.6409399e-008            
1.1399697e-005  -5.0843834e-008            
1.1409697e-005  -4.2003231e-008            
1.1419697e-005  -3.1811167e-008            
1.1429696e-005  -2.2854588e-008            
1.1439696e-005  -1.6646328e-008            
1.1449696e-005  -1.353057e-008            
1.1459696e-005  -1.2785144e-008            
1.1469695e-005  -1.3736879e-008            
1.1479695e-005  -1.6052374e-008            
1.1489695e-005  -1.945191e-008            
1.1499695e-005  -2.3723136e-008            
1.1509694e-005  -2.900501e-008            
1.1519694e-005  -3.5095239e-008            
1.1529694e-005  -4.1520669e-008            
1.1539694e-005  -4.805362e-008            
1.1549693e-005  -5.4304316e-008            
1.1559693e-005  -5.9650348e-008            
1.1569693e-005  -6.3527754e-008            
1.1579692e-005  -6.5850947e-008            
1.1589692e-005  -6.7052329e-008            
1.1599692e-005  -6.7658474e-008            
1.1609692e-005  -6.792084e-008            
1.1619691e-005  -6.7990027e-008            
1.1629691e-005  -6.7838162e-008            
1.1639691e-005  -6.7408749e-008            
1.1649691e-005  -6.6830599e-008            
1.165969e-005  -6.6073216e-008            
1.166969e-005  -6.5120671e-008            
1.167969e-005  -6.3990366e-008            
1.168969e-005  -6.2612506e-008            
1.1699689e-005  -6.0586083e-008            
1.1709689e-005  -5.7310349e-008            
1.1719689e-005  -5.138289e-008            
1.1729688e-005  -4.2238009e-008            
1.1739688e-005  -3.1988278e-008            
1.1749688e-005  -2.3223413e-008            
1.1759688e-005  -1.7524239e-008            
1.1769687e-005  -1.4867163e-008            
1.1779687e-005  -1.4378808e-008            
1.1789687e-005  -1.551448e-008            
1.1799687e-005  -1.7943937e-008            
1.1809686e-005  -2.1309926e-008            
1.1819686e-005  -2.5609561e-008            
1.1829686e-005  -3.0775724e-008            
1.1839686e-005  -3.6600392e-008            
1.1849685e-005  -4.2946728e-008            
1.1859685e-005  -4.9468106e-008            
1.1869685e-005  -5.5571557e-008            
1.1879685e-005  -6.0652372e-008            
1.1889684e-005  -6.4172849e-008            
1.1899684e-005  -6.6141573e-008            
1.1909684e-005  -6.7198418e-008            
1.1919683e-005  -6.7821824e-008            
1.1929683e-005  -6.8157734e-008            
1.1939683e-005  -6.8278104e-008            
1.1949683e-005  -6.8142345e-008            
1.1959682e-005  -6.7795225e-008            
1.1969682e-005  -6.7314686e-008            
1.1979682e-005  -6.6613177e-008            
1.1989682e-005  -6.5780915e-008            
1.1999681e-005  -6.4754176e-008            
1.2009681e-005  -6.3175278e-008            
1.2019681e-005  -6.0843055e-008            
1.2029681e-005  -5.7475446e-008            
1.203968e-005  -5.1766943e-008            
1.204968e-005  -4.2956029e-008            
1.205968e-005  -3.2654193e-008            
1.2069679e-005  -2.3683259e-008            
1.2079679e-005  -1.7959019e-008            
1.2089679e-005  -1.5236129e-008            
1.2099679e-005  -1.4658388e-008            
1.2109678e-005  -1.5810627e-008            
1.2119678e-005  -1.8266111e-008            
1.2129678e-005  -2.17926e-008            
1.2139678e-005  -2.6522651e-008            
1.2149677e-005  -3.2097282e-008            
1.2159677e-005  -3.8127598e-008            
1.2169677e-005  -4.447171e-008            
1.2179677e-005  -5.0643229e-008            
1.2189676e-005  -5.6133488e-008            
1.2199676e-005  -6.0750032e-008            
1.2209676e-005  -6.4316314e-008            
1.2219675e-005  -6.657201e-008            
1.2229675e-005  -6.768091e-008            
1.2239675e-005  -6.8300407e-008            
1.2249675e-005  -6.8780374e-008            
1.2259674e-005  -6.9012122e-008            
1.2269674e-005  -6.8941923e-008            
1.2279674e-005  -6.8652595e-008            
1.2289674e-005  -6.8077314e-008            
1.2299673e-005  -6.7260277e-008            
1.2309673e-005  -6.6314895e-008            
1.2319673e-005  -6.5252129e-008            
1.2329673e-005  -6.3834233e-008            
1.2339672e-005  -6.1781417e-008            
1.2349672e-005  -5.8761592e-008            
1.2359672e-005  -5.3553902e-008            
1.2369672e-005  -4.499796e-008            
1.2379671e-005  -3.4397146e-008            
1.2389671e-005  -2.501676e-008            
1.2399671e-005  -1.8869128e-008            
1.240967e-005  -1.5835709e-008            
1.241967e-005  -1.5282997e-008            
1.242967e-005  -1.6677946e-008            
1.243967e-005  -1.9477289e-008            
1.2449669e-005  -2.3443561e-008            
1.2459669e-005  -2.8422965e-008            
1.2469669e-005  -3.4088363e-008            
1.2479669e-005  -4.0163327e-008            
1.2489668e-005  -4.6530831e-008            
1.2499668e-005  -5.2773144e-008            
1.2509668e-005  -5.8336988e-008            
1.2519668e-005  -6.2684954e-008            
1.2529667e-005  -6.5616651e-008            
1.2539667e-005  -6.7319895e-008            
1.2549667e-005  -6.8103683e-008            
1.2559666e-005  -6.8538605e-008            
1.2569666e-005  -6.8880831e-008            
1.2579666e-005  -6.898555e-008            
1.2589666e-005  -6.889555e-008            
1.2599665e-005  -6.87393e-008            
1.2609665e-005  -6.836469e-008            
1.2619665e-005  -6.7657012e-008            
1.2629665e-005  -6.6719396e-008            
1.2639664e-005  -6.5545384e-008            
1.2649664e-005  -6.4242899e-008            
1.2659664e-005  -6.2651053e-008            
1.2669664e-005  -6.0034813e-008            
1.2679663e-005  -5.5205166e-008            
1.2689663e-005  -4.6915978e-008            
1.2699663e-005  -3.6442466e-008            
1.2709662e-005  -2.6772808e-008            
1.2719662e-005  -1.9670299e-008            
1.2729662e-005  -1.589848e-008            
1.2739662e-005  -1.5006402e-008            
1.2749661e-005  -1.6112437e-008            
1.2759661e-005  -1.8748392e-008            
1.2769661e-005  -2.2655425e-008            
1.2779661e-005  -2.7666506e-008            
1.278966e-005  -3.3429883e-008            
1.279966e-005  -3.9746346e-008            
1.280966e-005  -4.6344661e-008            
1.281966e-005  -5.2773979e-008            
1.2829659e-005  -5.862073e-008            
1.2839659e-005  -6.3068968e-008            
1.2849659e-005  -6.5865065e-008            
1.2859658e-005  -6.7424704e-008            
1.2869658e-005  -6.8139583e-008            
1.2879658e-005  -6.8500435e-008            
1.2889658e-005  -6.8673367e-008            
1.2899657e-005  -6.8759856e-008            
1.2909657e-005  -6.8735957e-008            
1.2919657e-005  -6.8512333e-008            
1.2929657e-005  -6.800847e-008            
1.2939656e-005  -6.725038e-008            
1.2949656e-005  -6.6321833e-008            
1.2959656e-005  -6.5126084e-008            
1.2969656e-005  -6.3737769e-008            
1.2979655e-005  -6.205707e-008            
1.2989655e-005  -5.9466814e-008            
1.2999655e-005  -5.4850638e-008            
1.3009655e-005  -4.7142626e-008            
1.3019654e-005  -3.7380642e-008            
1.3029654e-005  -2.8118339e-008            
1.3039654e-005  -2.1149237e-008            
1.3049653e-005  -1.7404104e-008            
1.3059653e-005  -1.6462678e-008            
1.3069653e-005  -1.7392407e-008            
1.3079653e-005  -1.9757981e-008            
1.3089652e-005  -2.3386977e-008            
1.3099652e-005  -2.813844e-008            
1.3109652e-005  -3.3711385e-008            
1.3119652e-005  -3.9877814e-008            
1.3129651e-005  -4.644799e-008            
1.3139651e-005  -5.3010879e-008            
1.3149651e-005  -5.8771566e-008            
1.3159651e-005  -6.3031062e-008            
1.316965e-005  -6.5844283e-008            
1.317965e-005  -6.740131e-008            
1.318965e-005  -6.8244637e-008            
1.3199649e-005  -6.8882433e-008            
1.3209649e-005  -6.9295759e-008            
1.3219649e-005  -6.9407279e-008            
1.3229649e-005  -6.9218146e-008            
1.3239648e-005  -6.8789259e-008            
1.3249648e-005  -6.8174673e-008            
1.3259648e-005  -6.7308094e-008            
1.3269648e-005  -6.6148076e-008            
1.3279647e-005  -6.4941346e-008            
1.3289647e-005  -6.3749207e-008            
1.3299647e-005  -6.2231479e-008            
1.3309647e-005  -5.9647208e-008            
1.3319646e-005  -5.4484007e-008            
1.3329646e-005  -4.5815215e-008            
1.3339646e-005  -3.4987971e-008            
1.3349645e-005  -2.5051045e-008            
1.3359645e-005  -1.8875073e-008            
1.3369645e-005  -1.6671388e-008            
1.3379645e-005  -1.6856821e-008            
1.3389644e-005  -1.8529398e-008            
1.3399644e-005  -2.1506157e-008            
1.3409644e-005  -2.5752424e-008            
1.3419644e-005  -3.1122762e-008            
1.3429643e-005  -3.7106977e-008            
1.3439643e-005  -4.3226957e-008            
1.3449643e-005  -4.9168689e-008            
1.3459643e-005  -5.4856283e-008            
1.3469642e-005  -5.9827411e-008            
1.3479642e-005  -6.361559e-008            
1.3489642e-005  -6.6329517e-008            
1.3499641e-005  -6.8030317e-008            
1.3509641e-005  -6.8938713e-008            
1.3519641e-005  -6.9519716e-008            
1.3529641e-005  -7.0029663e-008            
1.353964e-005  -7.0529249e-008            
1.354964e-005  -7.1002984e-008            
1.355964e-005  -7.1237533e-008            
1.356964e-005  -7.1266231e-008            
1.3579639e-005  -7.1280669e-008            
1.3589639e-005  -7.1270967e-008            
1.3599639e-005  -7.1267477e-008            
1.3609639e-005  -7.126159e-008            
1.3619638e-005  -7.1191956e-008            
1.3629638e-005  -7.1060232e-008            
1.3639638e-005  -7.094056e-008            
1.3649638e-005  -7.0765411e-008            
1.3659637e-005  -7.0388649e-008            
1.3669637e-005  -6.9753783e-008            
1.3679637e-005  -6.8686517e-008            
1.3689636e-005  -6.6613714e-008            
1.3699636e-005  -6.2071661e-008            
1.3709636e-005  -5.3183142e-008            
1.3719636e-005  -4.0395887e-008            
1.3729635e-005  -2.7572669e-008            
1.3739635e-005  -1.7190498e-008            
1.3749635e-005  -9.33588e-009            
1.3759635e-005  -4.0007581e-009            
1.3769634e-005  -8.0976517e-010            
1.3779634e-005  7.1145428e-010            
1.3789634e-005  1.1742391e-009            
1.3799634e-005  1.2665424e-009            
1.3809633e-005  1.2118922e-009            
1.3819633e-005  1.1164629e-009            
1.3829633e-005  1.0944237e-009            
1.3839632e-005  1.1007552e-009            
1.3849632e-005  1.113258e-009            
1.3859632e-005  1.0483477e-009            
1.3869632e-005  9.2728854e-010            
1.3879631e-005  8.5974922e-010            
1.3889631e-005  8.1390628e-010            
1.3899631e-005  7.7336856e-010            
1.3909631e-005  7.1780478e-010            
1.391963e-005  6.9934181e-010            
1.392963e-005  6.0784932e-010            
1.393963e-005  4.006273e-010            
1.394963e-005  2.9838656e-010            
1.3959629e-005  2.8936584e-010            
1.3969629e-005  3.1703365e-010            
1.3979629e-005  3.8662911e-010            
1.3989628e-005  3.6184593e-010            
1.3999628e-005  2.544442e-010            
1.4009628e-005  1.4593109e-010            
1.4019628e-005  1.4168001e-010            
1.4029627e-005  1.9181924e-010            
1.4039627e-005  2.4420316e-010            
1.4049627e-005  3.0939188e-010            
1.4059627e-005  2.6336744e-010            
1.4069626e-005  1.7582248e-010            
1.4079626e-005  2.0402386e-010            
1.4089626e-005  2.9179404e-010            
1.4099626e-005  2.1618968e-010            
1.4109625e-005  2.1922709e-011            
1.4119625e-005  -9.9584096e-011            
1.4129625e-005  -1.3124773e-010            
1.4139624e-005  -9.6542255e-011            
1.4149624e-005  -9.3153754e-012            
1.4159624e-005  9.0674245e-012            
1.4169624e-005  4.3597716e-011            
1.4179623e-005  7.6752721e-011            
1.4189623e-005  1.4950187e-011            
1.4199623e-005  3.5604824e-011            
1.4209623e-005  3.2218819e-011            
