Profile 1             
0  -1.7509543e-008            
1.0000385e-008  -1.7192449e-008            
2.0000769e-008  -1.7072641e-008            
3.0001154e-008  -1.6861009e-008            
4.0001539e-008  -1.6854893e-008            
5.0001924e-008  -1.7006843e-008            
6.0002308e-008  -1.698087e-008            
7.0002693e-008  -1.6923084e-008            
8.0003078e-008  -1.7497653e-008            
9.0003463e-008  -1.7813654e-008            
1.0000385e-007  -1.7911141e-008            
1.1000423e-007  -1.8050708e-008            
1.2000462e-007  -1.8039708e-008            
1.30005e-007  -1.7857955e-008            
1.4000539e-007  -1.7780829e-008            
1.5000577e-007  -1.7897302e-008            
1.6000616e-007  -1.7814553e-008            
1.7000654e-007  -1.7868107e-008            
1.8000693e-007  -1.7548506e-008            
1.9000731e-007  -1.7502063e-008            
2.0000769e-007  -1.7512914e-008            
2.1000808e-007  -1.7130903e-008            
2.2000846e-007  -1.6342509e-008            
2.3000885e-007  -1.6163808e-008            
2.4000923e-007  -1.6438006e-008            
2.5000962e-007  -1.6773733e-008            
2.6001e-007  -1.6661124e-008            
2.7001039e-007  -1.618291e-008            
2.8001077e-007  -1.6110922e-008            
2.9001116e-007  -1.6124835e-008            
3.0001154e-007  -1.6392339e-008            
3.1001193e-007  -1.6719438e-008            
3.2001231e-007  -1.716337e-008            
3.300127e-007  -1.6955698e-008            
3.4001308e-007  -1.5902041e-008            
3.5001347e-007  -1.4159536e-008            
3.6001385e-007  -1.277939e-008            
3.7001423e-007  -1.1703374e-008            
3.8001462e-007  -1.0215059e-008            
3.90015e-007  -7.9362129e-009            
4.0001539e-007  -5.1650018e-009            
4.1001577e-007  -3.2765096e-009            
4.2001616e-007  -1.8159296e-009            
4.3001654e-007  -7.0174453e-010            
4.4001693e-007  -3.886576e-010            
4.5001731e-007  1.8038251e-010            
4.600177e-007  2.427459e-010            
4.7001808e-007  -3.3764056e-010            
4.8001847e-007  -1.5390518e-009            
4.9001885e-007  -3.2843356e-009            
5.0001924e-007  -5.7888178e-009            
5.1001962e-007  -9.2970547e-009            
5.2002001e-007  -1.3726388e-008            
5.3002039e-007  -2.0230019e-008            
5.4002078e-007  -2.6923862e-008            
5.5002116e-007  -3.3208473e-008            
5.6002154e-007  -3.8660948e-008            
5.7002193e-007  -4.2160101e-008            
5.8002231e-007  -4.3332357e-008            
5.900227e-007  -4.3646301e-008            
6.0002308e-007  -4.3114269e-008            
6.1002347e-007  -4.082207e-008            
6.2002385e-007  -3.5788866e-008            
6.3002424e-007  -2.8376897e-008            
6.4002462e-007  -2.005353e-008            
6.5002501e-007  -1.3597263e-008            
6.6002539e-007  -8.3021167e-009            
6.7002578e-007  -4.8837002e-009            
6.8002616e-007  -2.5551693e-009            
6.9002655e-007  -1.0980099e-009            
7.0002693e-007  -6.0081246e-010            
7.1002732e-007  1.5564468e-011            
7.200277e-007  -1.0359914e-010            
7.3002809e-007  -8.0875883e-010            
7.4002847e-007  -2.1606285e-009            
7.5002885e-007  -4.3309648e-009            
7.6002924e-007  -6.9719833e-009            
7.7002962e-007  -1.1073575e-008            
7.8003001e-007  -1.6363928e-008            
7.9003039e-007  -2.261061e-008            
8.0003078e-007  -2.8451081e-008            
8.1003116e-007  -3.3652921e-008            
8.2003155e-007  -3.7799174e-008            
8.3003193e-007  -3.8946052e-008            
8.4003232e-007  -3.8058337e-008            
8.500327e-007  -3.6472896e-008            
8.6003309e-007  -3.322257e-008            
8.7003347e-007  -2.8677888e-008            
8.8003386e-007  -2.1439029e-008            
8.9003424e-007  -1.3200496e-008            
9.0003463e-007  -8.4468506e-009            
9.1003501e-007  -5.4627255e-009            
9.2003539e-007  -3.1670427e-009            
9.3003578e-007  -1.7265888e-009            
9.4003616e-007  -5.6793453e-010            
9.5003655e-007  3.861975e-010            
9.6003693e-007  8.6606471e-010            
9.7003732e-007  1.1239419e-009            
9.800377e-007  1.0667513e-009            
9.9003809e-007  -1.194682e-010            
1.0000385e-006  -2.3923982e-009            
1.0100389e-006  -5.8206595e-009            
1.0200392e-006  -1.0684717e-008            
1.0300396e-006  -1.6886583e-008            
1.04004e-006  -2.3929199e-008            
1.0500404e-006  -3.095189e-008            
1.0600408e-006  -3.7189691e-008            
1.0700412e-006  -4.0396767e-008            
1.0800416e-006  -4.1956436e-008            
1.0900419e-006  -4.2381026e-008            
1.1000423e-006  -4.2257803e-008            
1.1100427e-006  -4.1101654e-008            
1.1200431e-006  -3.8464065e-008            
1.1300435e-006  -3.3319108e-008            
1.1400439e-006  -2.5843615e-008            
1.1500442e-006  -1.8482189e-008            
1.1600446e-006  -1.159801e-008            
1.170045e-006  -7.1146009e-009            
1.1800454e-006  -3.5916443e-009            
1.1900458e-006  -1.8473096e-009            
1.2000462e-006  -8.6166185e-010            
1.2100466e-006  -8.9709274e-010            
1.2200469e-006  -7.7202451e-010            
1.2300473e-006  -1.332716e-009            
1.2400477e-006  -2.4115958e-009            
1.2500481e-006  -4.5587193e-009            
1.2600485e-006  -7.9502858e-009            
1.2700489e-006  -1.2533928e-008            
1.2800492e-006  -1.8320171e-008            
1.2900496e-006  -2.5039556e-008            
1.30005e-006  -3.1228323e-008            
1.3100504e-006  -3.5955062e-008            
1.3200508e-006  -3.8365101e-008            
1.3300512e-006  -3.9304662e-008            
1.3400516e-006  -3.9111558e-008            
1.3500519e-006  -3.6431751e-008            
1.3600523e-006  -3.10539e-008            
1.3700527e-006  -2.2638807e-008            
1.3800531e-006  -1.507166e-008            
1.3900535e-006  -9.0762545e-009            
1.4000539e-006  -5.3990956e-009            
1.4100542e-006  -3.1763343e-009            
1.4200546e-006  -1.8565693e-009            
1.430055e-006  -5.3859658e-010            
1.4400554e-006  1.3328133e-010            
1.4500558e-006  4.2206744e-010            
1.4600562e-006  7.0018744e-010            
1.4700566e-006  8.1312313e-010            
1.4800569e-006  4.5538209e-010            
1.4900573e-006  -2.9270421e-010            
1.5000577e-006  -2.5316404e-009            
1.5100581e-006  -5.9790195e-009            
1.5200585e-006  -1.0418696e-008            
1.5300589e-006  -1.579202e-008            
1.5400592e-006  -2.2996685e-008            
1.5500596e-006  -3.011474e-008            
1.56006e-006  -3.6350612e-008            
1.5700604e-006  -4.0030492e-008            
1.5800608e-006  -4.1303961e-008            
1.5900612e-006  -4.1954803e-008            
1.6000616e-006  -4.2191901e-008            
1.6100619e-006  -4.0934198e-008            
1.6200623e-006  -3.4240613e-008            
1.6300627e-006  -2.4551308e-008            
1.6400631e-006  -1.6635826e-008            
1.6500635e-006  -1.1949123e-008            
1.6600639e-006  -8.3777248e-009            
1.6700642e-006  -6.0655066e-009            
1.6800646e-006  -4.3833653e-009            
1.690065e-006  -3.0871186e-009            
1.7000654e-006  -2.7204672e-009            
1.7100658e-006  -2.4882894e-009            
1.7200662e-006  -2.7983446e-009            
1.7300666e-006  -4.0344997e-009            
1.7400669e-006  -6.1172999e-009            
1.7500673e-006  -9.8293544e-009            
1.7600677e-006  -1.4212229e-008            
1.7700681e-006  -1.9109426e-008            
1.7800685e-006  -2.4288624e-008            
1.7900689e-006  -2.9655103e-008            
1.8000693e-006  -3.4042902e-008            
1.8100696e-006  -3.7777883e-008            
1.82007e-006  -3.9878257e-008            
1.8300704e-006  -4.0649595e-008            
1.8400708e-006  -3.9526423e-008            
1.8500712e-006  -3.7151822e-008            
1.8600716e-006  -3.44018e-008            
1.8700719e-006  -3.1437293e-008            
1.8800723e-006  -2.7300746e-008            
1.8900727e-006  -2.094548e-008            
1.9000731e-006  -1.3932363e-008            
1.9100735e-006  -8.7002066e-009            
1.9200739e-006  -4.5911936e-009            
1.9300743e-006  -1.7447549e-009            
1.9400746e-006  4.6250241e-011            
1.950075e-006  9.1624163e-010            
1.9600754e-006  1.0395982e-009            
1.9700758e-006  7.4669888e-010            
1.9800762e-006  7.8855001e-011            
1.9900766e-006  -1.5792882e-009            
2.0000769e-006  -4.2125445e-009            
2.0100773e-006  -7.6558764e-009            
2.0200777e-006  -1.2680523e-008            
2.0300781e-006  -1.8493655e-008            
2.0400785e-006  -2.5929737e-008            
2.0500789e-006  -3.2568984e-008            
2.0600793e-006  -3.8251779e-008            
2.0700796e-006  -4.1371544e-008            
2.08008e-006  -4.2940862e-008            
2.0900804e-006  -4.3569016e-008            
2.1000808e-006  -4.307918e-008            
2.1100812e-006  -4.049857e-008            
2.1200816e-006  -3.5001586e-008            
2.1300819e-006  -2.8103292e-008            
2.1400823e-006  -1.9709831e-008            
2.1500827e-006  -1.2086828e-008            
2.1600831e-006  -6.6012897e-009            
2.1700835e-006  -3.547088e-009            
2.1800839e-006  -2.1229632e-009            
2.1900843e-006  -1.4437024e-009            
2.2000846e-006  -1.0254538e-009            
2.210085e-006  -1.3749079e-009            
2.2200854e-006  -1.9804933e-009            
2.2300858e-006  -2.9691635e-009            
2.2400862e-006  -4.7168755e-009            
2.2500866e-006  -8.245681e-009            
2.2600869e-006  -1.2628685e-008            
2.2700873e-006  -1.8075272e-008            
2.2800877e-006  -2.3067499e-008            
2.2900881e-006  -2.7997084e-008            
2.3000885e-006  -3.2994241e-008            
2.3100889e-006  -3.7075487e-008            
2.3200893e-006  -3.891264e-008            
2.3300896e-006  -3.9944609e-008            
2.34009e-006  -3.9379157e-008            
2.3500904e-006  -3.735078e-008            
2.3600908e-006  -3.3784595e-008            
2.3700912e-006  -2.9536578e-008            
2.3800916e-006  -2.361784e-008            
2.3900919e-006  -1.6475376e-008            
2.4000923e-006  -1.0181467e-008            
2.4100927e-006  -5.8820396e-009            
2.4200931e-006  -2.9126653e-009            
2.4300935e-006  -1.4114399e-009            
2.4400939e-006  -1.9425988e-010            
2.4500943e-006  5.844354e-010            
2.4600946e-006  6.3204222e-010            
2.470095e-006  4.3197674e-010            
2.4800954e-006  -9.7244311e-011            
2.4900958e-006  -1.6558231e-009            
2.5000962e-006  -4.3786538e-009            
2.5100966e-006  -7.7930306e-009            
2.520097e-006  -1.3043148e-008            
2.5300973e-006  -1.9421309e-008            
2.5400977e-006  -2.6290459e-008            
2.5500981e-006  -3.3057531e-008            
2.5600985e-006  -3.9186035e-008            
2.5700989e-006  -4.2600824e-008            
2.5800993e-006  -4.343708e-008            
2.5900996e-006  -4.3958822e-008            
2.6001e-006  -4.3801622e-008            
2.6101004e-006  -4.2283458e-008            
2.6201008e-006  -3.7341342e-008            
2.6301012e-006  -2.9975573e-008            
2.6401016e-006  -2.2323916e-008            
2.650102e-006  -1.6242134e-008            
2.6601023e-006  -1.1162252e-008            
2.6701027e-006  -6.6376234e-009            
2.6801031e-006  -4.0550964e-009            
2.6901035e-006  -2.705107e-009            
2.7001039e-006  -1.7715194e-009            
2.7101043e-006  -1.1475801e-009            
2.7201046e-006  -1.0318165e-009            
2.730105e-006  -1.8613928e-009            
2.7401054e-006  -3.3001666e-009            
2.7501058e-006  -5.9900873e-009            
2.7601062e-006  -9.7037956e-009            
2.7701066e-006  -1.5178882e-008            
2.780107e-006  -2.2045826e-008            
2.7901073e-006  -2.9391718e-008            
2.8001077e-006  -3.5392395e-008            
2.8101081e-006  -3.9244657e-008            
2.8201085e-006  -4.1280486e-008            
2.8301089e-006  -4.2054862e-008            
2.8401093e-006  -4.117829e-008            
2.8501096e-006  -3.8379484e-008            
2.86011e-006  -3.256957e-008            
2.8701104e-006  -2.537512e-008            
2.8801108e-006  -1.7094778e-008            
2.8901112e-006  -1.1437333e-008            
2.9001116e-006  -7.3558555e-009            
2.910112e-006  -4.2736725e-009            
2.9201123e-006  -2.1014283e-009            
2.9301127e-006  -7.9748938e-010            
2.9401131e-006  -9.4020683e-011            
2.9501135e-006  3.0323473e-010            
2.9601139e-006  2.6899907e-010            
2.9701143e-006  -7.8487752e-011            
2.9801146e-006  -8.1732572e-010            
2.990115e-006  -1.9900534e-009            
3.0001154e-006  -4.1309783e-009            
3.0101158e-006  -7.6930361e-009            
3.0201162e-006  -1.2798521e-008            
3.0301166e-006  -1.92447e-008            
3.040117e-006  -2.6261198e-008            
3.0501173e-006  -3.2607471e-008            
3.0601177e-006  -3.8595584e-008            
3.0701181e-006  -4.2237421e-008            
3.0801185e-006  -4.3439131e-008            
3.0901189e-006  -4.379141e-008            
3.1001193e-006  -4.3554867e-008            
3.1101196e-006  -4.1105605e-008            
3.12012e-006  -3.4358286e-008            
3.1301204e-006  -2.5429466e-008            
3.1401208e-006  -1.8490822e-008            
3.1501212e-006  -1.3400408e-008            
3.1601216e-006  -9.4338613e-009            
3.170122e-006  -6.0621289e-009            
3.1801223e-006  -4.2800026e-009            
3.1901227e-006  -3.2224451e-009            
3.2001231e-006  -2.6805679e-009            
3.2101235e-006  -2.4158287e-009            
3.2201239e-006  -2.9063391e-009            
3.2301243e-006  -3.6546165e-009            
3.2401247e-006  -5.6308623e-009            
3.250125e-006  -8.7175557e-009            
3.2601254e-006  -1.3240509e-008            
3.2701258e-006  -1.8422311e-008            
3.2801262e-006  -2.4515161e-008            
3.2901266e-006  -3.0463398e-008            
3.300127e-006  -3.5975267e-008            
3.3101273e-006  -3.9546448e-008            
3.3201277e-006  -4.1573823e-008            
3.3301281e-006  -4.2052669e-008            
3.3401285e-006  -4.0790901e-008            
3.3501289e-006  -3.7631036e-008            
3.3601293e-006  -3.2589488e-008            
3.3701297e-006  -2.6731954e-008            
3.38013e-006  -1.8105667e-008            
3.3901304e-006  -1.1980861e-008            
3.4001308e-006  -7.1712193e-009            
3.4101312e-006  -3.8137805e-009            
3.4201316e-006  -1.1225978e-009            
3.430132e-006  3.0215648e-010            
3.4401323e-006  1.3984614e-009            
3.4501327e-006  2.1953676e-009            
3.4601331e-006  2.4276053e-009            
3.4701335e-006  2.2408255e-009            
3.4801339e-006  1.485498e-009            
3.4901343e-006  -3.4723919e-010            
3.5001347e-006  -3.1810357e-009            
3.510135e-006  -6.8525455e-009            
3.5201354e-006  -1.1969323e-008            
3.5301358e-006  -1.8029354e-008            
3.5401362e-006  -2.5231047e-008            
3.5501366e-006  -3.2430621e-008            
3.560137e-006  -3.9099871e-008            
3.5701373e-006  -4.2583165e-008            
3.5801377e-006  -4.3390368e-008            
3.5901381e-006  -4.3568763e-008            
3.6001385e-006  -4.363072e-008            
3.6101389e-006  -4.2834629e-008            
3.6201393e-006  -4.0312152e-008            
3.6301397e-006  -3.4971935e-008            
3.64014e-006  -2.8061954e-008            
3.6501404e-006  -2.0779469e-008            
3.6601408e-006  -1.4372492e-008            
3.6701412e-006  -8.5265745e-009            
3.6801416e-006  -4.7101316e-009            
3.690142e-006  -2.7868186e-009            
3.7001423e-006  -1.482907e-009            
3.7101427e-006  -8.7828451e-010            
3.7201431e-006  -9.1911485e-010            
3.7301435e-006  -1.210407e-009            
3.7401439e-006  -2.9991927e-009            
3.7501443e-006  -5.3806811e-009            
3.7601447e-006  -8.8751054e-009            
3.770145e-006  -1.3499832e-008            
3.7801454e-006  -1.9184662e-008            
3.7901458e-006  -2.564235e-008            
3.8001462e-006  -3.3465468e-008            
3.8101466e-006  -3.9343389e-008            
3.820147e-006  -4.2587901e-008            
3.8301474e-006  -4.3426827e-008            
3.8401477e-006  -4.3529656e-008            
3.8501481e-006  -4.1894549e-008            
3.8601485e-006  -3.6480679e-008            
3.8701489e-006  -3.0541923e-008            
3.8801493e-006  -2.237975e-008            
3.8901497e-006  -1.3709694e-008            
3.90015e-006  -7.2371684e-009            
3.9101504e-006  -3.643956e-009            
3.9201508e-006  -1.0968154e-009            
3.9301512e-006  5.8667492e-010            
3.9401516e-006  1.3552205e-009            
3.950152e-006  1.512487e-009            
3.9601524e-006  1.1472659e-009            
3.9701527e-006  6.4699443e-010            
3.9801531e-006  -6.4559023e-010            
3.9901535e-006  -2.680462e-009            
4.0001539e-006  -5.6853944e-009            
4.0101543e-006  -1.0294054e-008            
4.0201547e-006  -1.5796416e-008            
4.030155e-006  -2.2377111e-008            
4.0401554e-006  -2.9539134e-008            
4.0501558e-006  -3.5962431e-008            
4.0601562e-006  -4.186395e-008            
4.0701566e-006  -4.5387277e-008            
4.080157e-006  -4.650738e-008            
4.0901574e-006  -4.7260536e-008            
4.1001577e-006  -4.786114e-008            
4.1101581e-006  -4.7451614e-008            
4.1201585e-006  -4.3724084e-008            
4.1301589e-006  -3.7238179e-008            
4.1401593e-006  -2.8347841e-008            
4.1501597e-006  -2.0026552e-008            
4.16016e-006  -1.3871521e-008            
4.1701604e-006  -9.2275998e-009            
4.1801608e-006  -5.78798e-009            
4.1901612e-006  -3.6508695e-009            
4.2001616e-006  -2.1463011e-009            
4.210162e-006  -1.6482806e-009            
4.2201624e-006  -1.2813564e-009            
4.2301627e-006  -1.6919103e-009            
4.2401631e-006  -2.7448253e-009            
4.2501635e-006  -4.6535674e-009            
4.2601639e-006  -8.2891025e-009            
4.2701643e-006  -1.3304724e-008            
4.2801647e-006  -1.9630509e-008            
4.290165e-006  -2.6206726e-008            
4.3001654e-006  -3.3602665e-008            
4.3101658e-006  -3.9103886e-008            
4.3201662e-006  -4.313235e-008            
4.3301666e-006  -4.5242289e-008            
4.340167e-006  -4.5511252e-008            
4.3501674e-006  -4.3783135e-008            
4.3601677e-006  -3.8529912e-008            
4.3701681e-006  -3.326836e-008            
4.3801685e-006  -2.7555774e-008            
4.3901689e-006  -2.063466e-008            
4.4001693e-006  -1.3276477e-008            
4.4101697e-006  -6.7465644e-009            
4.42017e-006  -2.6941131e-009            
4.4301704e-006  -3.9090959e-010            
4.4401708e-006  4.6427085e-010            
4.4501712e-006  5.9195976e-010            
4.4601716e-006  5.5164177e-010            
4.470172e-006  5.4260022e-011            
4.4801724e-006  -1.0519724e-009            
4.4901727e-006  -2.4318717e-009            
4.5001731e-006  -4.5726623e-009            
4.5101735e-006  -8.7505617e-009            
4.5201739e-006  -1.4461725e-008            
4.5301743e-006  -2.1195047e-008            
4.5401747e-006  -2.8144146e-008            
4.5501751e-006  -3.4828714e-008            
4.5601754e-006  -4.0932858e-008            
4.5701758e-006  -4.5899481e-008            
4.5801762e-006  -4.801734e-008            
4.5901766e-006  -4.8842027e-008            
4.600177e-006  -4.9574424e-008            
4.6101774e-006  -4.9261345e-008            
4.6201777e-006  -4.5466743e-008            
4.6301781e-006  -3.8894435e-008            
4.6401785e-006  -3.1451931e-008            
4.6501789e-006  -2.2775563e-008            
4.6601793e-006  -1.505132e-008            
4.6701797e-006  -9.9949295e-009            
4.6801801e-006  -6.9383204e-009            
4.6901804e-006  -4.9988377e-009            
4.7001808e-006  -4.0667225e-009            
4.7101812e-006  -3.5209869e-009            
4.7201816e-006  -3.797977e-009            
4.730182e-006  -4.3904804e-009            
4.7401824e-006  -5.8788361e-009            
4.7501827e-006  -8.7187989e-009            
4.7601831e-006  -1.3153637e-008            
4.7701835e-006  -1.8725164e-008            
4.7801839e-006  -2.5399915e-008            
4.7901843e-006  -3.1639987e-008            
4.8001847e-006  -3.7794679e-008            
4.8101851e-006  -4.2545137e-008            
4.8201854e-006  -4.4963324e-008            
4.8301858e-006  -4.5984908e-008            
4.8401862e-006  -4.6796546e-008            
4.8501866e-006  -4.6854717e-008            
4.860187e-006  -4.5265391e-008            
4.8701874e-006  -4.0015337e-008            
4.8801877e-006  -3.0588174e-008            
4.8901881e-006  -2.2075127e-008            
4.9001885e-006  -1.6413494e-008            
4.9101889e-006  -1.1357185e-008            
4.9201893e-006  -6.9013238e-009            
4.9301897e-006  -3.6056688e-009            
4.9401901e-006  -1.6687242e-009            
4.9501904e-006  -8.9266957e-010            
4.9601908e-006  -6.5445426e-010            
4.9701912e-006  -1.0816596e-009            
4.9801916e-006  -2.0434611e-009            
4.990192e-006  -3.7238352e-009            
5.0001924e-006  -6.8384544e-009            
5.0101927e-006  -1.1301865e-008            
5.0201931e-006  -1.7073534e-008            
5.0301935e-006  -2.3982436e-008            
5.0401939e-006  -3.1232892e-008            
5.0501943e-006  -3.8153027e-008            
5.0601947e-006  -4.4044043e-008            
5.0701951e-006  -4.7483462e-008            
5.0801954e-006  -4.867308e-008            
5.0901958e-006  -4.8825637e-008            
5.1001962e-006  -4.844086e-008            
5.1101966e-006  -4.7751027e-008            
5.120197e-006  -4.6146201e-008            
5.1301974e-006  -4.2744198e-008            
5.1401977e-006  -3.5897951e-008            
5.1501981e-006  -2.6970233e-008            
5.1601985e-006  -1.8583297e-008            
5.1701989e-006  -1.3339326e-008            
5.1801993e-006  -9.7629237e-009            
5.1901997e-006  -7.5767875e-009            
5.2002001e-006  -6.010144e-009            
5.2102004e-006  -4.5604499e-009            
5.2202008e-006  -3.7211704e-009            
5.2302012e-006  -4.0412036e-009            
5.2402016e-006  -5.3691922e-009            
5.250202e-006  -7.9884393e-009            
5.2602024e-006  -1.2046482e-008            
5.2702028e-006  -1.818296e-008            
5.2802031e-006  -2.6082977e-008            
5.2902035e-006  -3.3836719e-008            
5.3002039e-006  -4.0296468e-008            
5.3102043e-006  -4.4638713e-008            
5.3202047e-006  -4.644226e-008            
5.3302051e-006  -4.7491729e-008            
5.3402054e-006  -4.7662425e-008            
5.3502058e-006  -4.5779065e-008            
5.3602062e-006  -4.1200816e-008            
5.3702066e-006  -3.6316708e-008            
5.380207e-006  -3.249455e-008            
5.3902074e-006  -2.936369e-008            
5.4002078e-006  -2.7615841e-008            
5.4102081e-006  -2.6597009e-008            
5.4202085e-006  -2.5888293e-008            
5.4302089e-006  -2.5447113e-008            
5.4402093e-006  -2.4877604e-008            
5.4502097e-006  -2.4399127e-008            
5.4602101e-006  -2.4487098e-008            
5.4702104e-006  -2.4727219e-008            
5.4802108e-006  -2.4968253e-008            
5.4902112e-006  -2.4939765e-008            
5.5002116e-006  -2.5339036e-008            
5.510212e-006  -2.5253065e-008            
5.5202124e-006  -2.5445376e-008            
5.5302128e-006  -2.5497525e-008            
5.5402131e-006  -2.5365283e-008            
5.5502135e-006  -2.5725854e-008            
5.5602139e-006  -2.5707692e-008            
5.5702143e-006  -2.5725212e-008            
5.5802147e-006  -2.5923022e-008            
5.5902151e-006  -2.5874079e-008            
5.6002154e-006  -2.5912674e-008            
5.6102158e-006  -2.5708793e-008            
5.6202162e-006  -2.5788865e-008            
5.6302166e-006  -2.5785179e-008            
5.640217e-006  -2.5886954e-008            
5.6502174e-006  -2.6008042e-008            
5.6602178e-006  -2.6253041e-008            
5.6702181e-006  -2.6281635e-008            
5.6802185e-006  -2.6108423e-008            
5.6902189e-006  -2.6258879e-008            
5.7002193e-006  -2.6060574e-008            
