Profile 1             
0  4.2010167e-010            
1e-008  6.3724131e-010            
2e-008  4.2903122e-010            
3e-008  5.785532e-010            
4e-008  9.2355949e-010            
5e-008  9.2557848e-010            
6e-008  9.4821984e-010            
7e-008  7.7123028e-010            
8e-008  6.988371e-010            
9e-008  7.5098932e-010            
1e-007  6.7547387e-010            
1.1e-007  6.8919105e-010            
1.2e-007  6.8412435e-010            
1.3e-007  5.6667733e-010            
1.4e-007  5.179742e-010            
1.5e-007  3.7835157e-010            
1.6e-007  3.0670867e-010            
1.7e-007  -2.2071533e-011            
1.8e-007  -4.7408644e-010            
1.9e-007  -1.1586299e-009            
2e-007  -2.3972201e-009            
2.1e-007  -4.1026435e-009            
2.2e-007  -6.2363324e-009            
2.3e-007  -9.4869185e-009            
2.4e-007  -1.3171136e-008            
2.5e-007  -1.6837811e-008            
2.6e-007  -2.0642424e-008            
2.7e-007  -2.3872635e-008            
2.8e-007  -2.6742869e-008            
2.9e-007  -2.9439064e-008            
3e-007  -3.2155693e-008            
3.1e-007  -3.4891613e-008            
3.2e-007  -3.6324356e-008            
3.3e-007  -3.3268971e-008            
3.4e-007  -2.6861174e-008            
3.5e-007  -2.1020022e-008            
3.6e-007  -1.7433413e-008            
3.7e-007  -1.5377565e-008            
3.8e-007  -1.4690567e-008            
3.9e-007  -1.4292091e-008            
4e-007  -1.4446919e-008            
4.1e-007  -1.5091356e-008            
4.2e-007  -1.5944434e-008            
4.3e-007  -1.7081432e-008            
4.4e-007  -1.878104e-008            
4.5e-007  -2.1010727e-008            
4.6e-007  -2.3317038e-008            
4.7e-007  -2.5727165e-008            
4.8e-007  -2.8725058e-008            
4.9e-007  -3.2186882e-008            
5e-007  -3.5717968e-008            
5.1e-007  -3.6807881e-008            
5.2e-007  -3.3612065e-008            
5.3e-007  -2.9695351e-008            
5.4e-007  -2.5018793e-008            
5.5e-007  -2.0767016e-008            
5.6e-007  -1.771278e-008            
5.7e-007  -1.613575e-008            
5.8e-007  -1.5369167e-008            
5.9e-007  -1.5211818e-008            
6e-007  -1.5330805e-008            
6.1e-007  -1.581853e-008            
6.2e-007  -1.6348984e-008            
6.3e-007  -1.735166e-008            
6.4e-007  -1.8867134e-008            
6.5e-007  -2.088209e-008            
6.6e-007  -2.3022953e-008            
6.7e-007  -2.5727503e-008            
6.8e-007  -2.8295139e-008            
6.9e-007  -3.1011599e-008            
7e-007  -3.3776837e-008            
7.1e-007  -3.6723843e-008            
7.2e-007  -3.7566418e-008            
7.3e-007  -3.438847e-008            
7.4e-007  -2.979636e-008            
7.5e-007  -2.5591982e-008            
7.6e-007  -2.2114416e-008            
7.7e-007  -1.9985348e-008            
7.8e-007  -1.9250168e-008            
7.9e-007  -1.8417549e-008            
8e-007  -1.8283478e-008            
8.1e-007  -1.8569716e-008            
8.2e-007  -1.8929676e-008            
8.3e-007  -1.9592045e-008            
8.4e-007  -2.0640596e-008            
8.5e-007  -2.2170254e-008            
8.6e-007  -2.4465536e-008            
8.7e-007  -2.7152985e-008            
8.8e-007  -3.0248053e-008            
8.9e-007  -3.387085e-008            
9e-007  -3.7367848e-008            
9.1e-007  -4.0255367e-008            
9.2e-007  -3.8890339e-008            
9.3e-007  -3.3802582e-008            
9.4e-007  -2.8567534e-008            
9.5e-007  -2.365844e-008            
9.6e-007  -1.8891054e-008            
9.7e-007  -1.6163078e-008            
9.8e-007  -1.5324445e-008            
9.9e-007  -1.5149598e-008            
1e-006  -1.5093623e-008            
1.01e-006  -1.5650191e-008            
1.02e-006  -1.6674492e-008            
1.03e-006  -1.7712553e-008            
1.04e-006  -1.9035091e-008            
1.05e-006  -2.1090235e-008            
1.06e-006  -2.3358444e-008            
1.07e-006  -2.597085e-008            
1.08e-006  -2.8663574e-008            
1.09e-006  -3.1783732e-008            
1.1e-006  -3.5571861e-008            
1.11e-006  -3.9127793e-008            
1.12e-006  -4.0204415e-008            
1.13e-006  -3.5250454e-008            
1.14e-006  -2.8955492e-008            
1.15e-006  -2.3193792e-008            
1.16e-006  -1.8839117e-008            
1.17e-006  -1.5351996e-008            
1.18e-006  -1.3944451e-008            
1.19e-006  -1.309186e-008            
1.2e-006  -1.3154534e-008            
1.21e-006  -1.3708322e-008            
1.22e-006  -1.4244489e-008            
1.23e-006  -1.5183588e-008            
1.24e-006  -1.6354178e-008            
1.25e-006  -1.8487389e-008            
1.26e-006  -2.1287466e-008            
1.27e-006  -2.4767105e-008            
1.28e-006  -2.8558447e-008            
1.29e-006  -3.2324391e-008            
1.3e-006  -3.6629948e-008            
1.31e-006  -4.0106762e-008            
1.32e-006  -3.9709767e-008            
1.33e-006  -3.4762085e-008            
1.34e-006  -2.9588043e-008            
1.35e-006  -2.4136194e-008            
1.36e-006  -1.9798342e-008            
1.37e-006  -1.6782747e-008            
1.38e-006  -1.513344e-008            
1.39e-006  -1.4650117e-008            
1.4e-006  -1.4868272e-008            
1.41e-006  -1.5126185e-008            
1.42e-006  -1.5805766e-008            
1.43e-006  -1.6887478e-008            
1.44e-006  -1.8738947e-008            
1.45e-006  -2.0910088e-008            
1.46e-006  -2.3792776e-008            
1.47e-006  -2.713567e-008            
1.48e-006  -3.0266567e-008            
1.49e-006  -3.403822e-008            
1.5e-006  -3.7840698e-008            
1.51e-006  -4.0750267e-008            
1.52e-006  -3.9689831e-008            
1.53e-006  -3.4100495e-008            
1.54e-006  -2.8855515e-008            
1.55e-006  -2.2882488e-008            
1.56e-006  -1.836266e-008            
1.57e-006  -1.6195293e-008            
1.58e-006  -1.4910924e-008            
1.59e-006  -1.3971793e-008            
1.6e-006  -1.3871687e-008            
1.61e-006  -1.4387161e-008            
1.62e-006  -1.4819165e-008            
1.63e-006  -1.6076469e-008            
1.64e-006  -1.7511534e-008            
1.65e-006  -1.9491747e-008            
1.66e-006  -2.2291416e-008            
1.67e-006  -2.579929e-008            
1.68e-006  -2.9986696e-008            
1.69e-006  -3.4251873e-008            
1.7e-006  -3.823523e-008            
1.71e-006  -3.9122669e-008            
1.72e-006  -3.5362183e-008            
1.73e-006  -3.1217039e-008            
1.74e-006  -2.6965897e-008            
1.75e-006  -2.3489365e-008            
1.76e-006  -2.1366291e-008            
1.77e-006  -1.983292e-008            
1.78e-006  -1.8844479e-008            
1.79e-006  -1.8416252e-008            
1.8e-006  -1.8480196e-008            
1.81e-006  -1.8835749e-008            
1.82e-006  -1.9723808e-008            
1.83e-006  -2.0656088e-008            
1.84e-006  -2.2126413e-008            
1.85e-006  -2.3956259e-008            
1.86e-006  -2.639045e-008            
1.87e-006  -2.9424128e-008            
1.88e-006  -3.2857033e-008            
1.89e-006  -3.6017376e-008            
1.9e-006  -3.8248375e-008            
1.91e-006  -3.8288197e-008            
1.92e-006  -3.5422917e-008            
1.93e-006  -3.1365702e-008            
1.94e-006  -2.7114451e-008            
1.95e-006  -2.2852572e-008            
1.96e-006  -1.9781448e-008            
1.97e-006  -1.8205248e-008            
1.98e-006  -1.734399e-008            
1.99e-006  -1.703577e-008            
2e-006  -1.7201552e-008            
2.01e-006  -1.7546198e-008            
2.02e-006  -1.83013e-008            
2.03e-006  -1.9221302e-008            
2.04e-006  -2.0546068e-008            
2.05e-006  -2.2892559e-008            
2.06e-006  -2.6370745e-008            
2.07e-006  -3.0733067e-008            
2.08e-006  -3.4661797e-008            
2.09e-006  -3.7505245e-008            
2.1e-006  -3.9202583e-008            
2.11e-006  -3.9582833e-008            
2.12e-006  -3.792873e-008            
2.13e-006  -3.3635128e-008            
2.14e-006  -2.8973051e-008            
2.15e-006  -2.3878277e-008            
2.16e-006  -1.7949146e-008            
2.17e-006  -1.2218785e-008            
2.18e-006  -7.5430775e-009            
2.19e-006  -3.7771673e-009            
2.2e-006  -1.56854e-009            
2.21e-006  -9.5470116e-011            
2.22e-006  3.4502414e-010            
2.23e-006  7.1213579e-010            
2.24e-006  6.1981094e-010            
2.25e-006  3.515921e-010            
2.26e-006  4.1069865e-010            
2.27e-006  4.9942026e-010            
2.28e-006  5.2617014e-010            
2.29e-006  5.368923e-010            
2.3e-006  5.829947e-010            
2.31e-006  8.1093079e-010            
2.32e-006  4.5153043e-010            
2.33e-006  3.1504694e-010            
2.34e-006  1.5779869e-010            
