Profile 1             
0  1.6541314e-010            
1.0000097e-008  6.2206758e-011            
2.0000194e-008  -1.5450716e-010            
3.0000291e-008  -3.5095481e-010            
4.0000388e-008  -5.4492968e-010            
5.0000485e-008  -8.5688846e-010            
6.0000582e-008  -5.4882329e-010            
7.0000679e-008  -1.1812315e-010            
8.0000776e-008  2.053485e-011            
9.0000873e-008  2.4323536e-010            
1.0000097e-007  1.4092889e-010            
1.1000107e-007  1.6633302e-011            
1.2000116e-007  -4.4181801e-011            
1.3000126e-007  2.3564829e-010            
1.4000136e-007  3.0822915e-010            
1.5000146e-007  4.2186078e-010            
1.6000155e-007  3.8271653e-010            
1.7000165e-007  3.2270375e-010            
1.8000175e-007  3.3700184e-010            
1.9000184e-007  4.0746016e-010            
2.0000194e-007  6.6008808e-010            
2.1000204e-007  5.8817614e-010            
2.2000213e-007  4.2951793e-010            
2.3000223e-007  1.6575767e-010            
2.4000233e-007  8.1675527e-011            
2.5000243e-007  -2.8742419e-010            
2.6000252e-007  -8.1570841e-010            
2.7000262e-007  -1.4088889e-009            
2.8000272e-007  -2.3536428e-009            
2.9000281e-007  -3.3227644e-009            
3.0000291e-007  -5.0800093e-009            
3.1000301e-007  -6.9468377e-009            
3.2000311e-007  -9.9825152e-009            
3.300032e-007  -1.321313e-008            
3.400033e-007  -1.6172411e-008            
3.500034e-007  -1.8734042e-008            
3.6000349e-007  -2.1283825e-008            
3.7000359e-007  -2.3943706e-008            
3.8000369e-007  -2.6707246e-008            
3.9000378e-007  -2.9392241e-008            
4.0000388e-007  -3.1680096e-008            
4.1000398e-007  -3.3522718e-008            
4.2000408e-007  -3.5128956e-008            
4.3000417e-007  -3.6708881e-008            
4.4000427e-007  -3.8387442e-008            
4.5000437e-007  -3.9598665e-008            
4.6000446e-007  -3.944943e-008            
4.7000456e-007  -3.762904e-008            
4.8000466e-007  -3.6398201e-008            
4.9000475e-007  -3.5161143e-008            
5.0000485e-007  -3.3883062e-008            
5.1000495e-007  -3.2479662e-008            
5.2000505e-007  -3.1276484e-008            
5.3000514e-007  -2.9081848e-008            
5.4000524e-007  -2.6499486e-008            
5.5000534e-007  -2.3677996e-008            
5.6000543e-007  -2.0929137e-008            
5.7000553e-007  -1.8150071e-008            
5.8000563e-007  -1.5471147e-008            
5.9000572e-007  -1.2524025e-008            
6.0000582e-007  -9.5785371e-009            
6.1000592e-007  -6.8828199e-009            
6.2000602e-007  -4.2195613e-009            
6.3000611e-007  -2.5920167e-009            
6.4000621e-007  -2.0816675e-009            
6.5000631e-007  -2.2957345e-009            
6.600064e-007  -2.7515441e-009            
6.700065e-007  -3.3757552e-009            
6.800066e-007  -4.0418855e-009            
6.900067e-007  -5.4053036e-009            
7.0000679e-007  -7.0452059e-009            
7.1000689e-007  -9.0796634e-009            
7.2000699e-007  -1.1235856e-008            
7.3000708e-007  -1.344928e-008            
7.4000718e-007  -1.5844724e-008            
7.5000728e-007  -1.8114109e-008            
7.6000737e-007  -2.0341702e-008            
7.7000747e-007  -2.2995827e-008            
7.8000757e-007  -2.5997411e-008            
7.9000767e-007  -2.8736724e-008            
8.0000776e-007  -3.0604465e-008            
8.1000786e-007  -3.205683e-008            
8.2000796e-007  -3.334386e-008            
8.3000805e-007  -3.4920038e-008            
8.4000815e-007  -3.6849998e-008            
8.5000825e-007  -3.8668843e-008            
8.6000834e-007  -4.0471087e-008            
8.7000844e-007  -4.0529241e-008            
8.8000854e-007  -3.7667425e-008            
8.9000864e-007  -3.4814714e-008            
9.0000873e-007  -3.2516288e-008            
9.1000883e-007  -3.051416e-008            
9.2000893e-007  -2.7843264e-008            
9.3000902e-007  -2.606118e-008            
9.4000912e-007  -2.4864987e-008            
9.5000922e-007  -2.3628225e-008            
9.6000932e-007  -2.176898e-008            
9.7000941e-007  -1.8603454e-008            
9.8000951e-007  -1.5131027e-008            
9.9000961e-007  -1.159494e-008            
1.0000097e-006  -8.2790927e-009            
1.0100098e-006  -5.7511327e-009            
1.0200099e-006  -3.9387833e-009            
1.03001e-006  -2.5777847e-009            
1.0400101e-006  -1.9437327e-009            
1.0500102e-006  -1.7295815e-009            
1.0600103e-006  -1.8446627e-009            
1.0700104e-006  -2.07853e-009            
1.0800105e-006  -2.7888869e-009            
1.0900106e-006  -3.4618153e-009            
1.1000107e-006  -4.8150246e-009            
1.1100108e-006  -6.6919577e-009            
1.1200109e-006  -9.3814987e-009            
1.130011e-006  -1.2838365e-008            
1.1400111e-006  -1.6114695e-008            
1.1500112e-006  -1.9660308e-008            
1.1600113e-006  -2.3533057e-008            
1.1700114e-006  -2.7066032e-008            
1.1800114e-006  -3.0759225e-008            
1.1900115e-006  -3.3213381e-008            
1.2000116e-006  -3.4407474e-008            
1.2100117e-006  -3.5294492e-008            
1.2200118e-006  -3.638747e-008            
1.2300119e-006  -3.7345308e-008            
1.240012e-006  -3.8328259e-008            
1.2500121e-006  -3.8968424e-008            
1.2600122e-006  -3.9032955e-008            
1.2700123e-006  -3.838582e-008            
1.2800124e-006  -3.6907376e-008            
1.2900125e-006  -3.538081e-008            
1.3000126e-006  -3.3579703e-008            
1.3100127e-006  -3.14842e-008            
1.3200128e-006  -2.9540858e-008            
1.3300129e-006  -2.8003587e-008            
1.340013e-006  -2.6258334e-008            
1.3500131e-006  -2.4338485e-008            
1.3600132e-006  -2.149747e-008            
1.3700133e-006  -1.7610535e-008            
1.3800134e-006  -1.4472956e-008            
1.3900135e-006  -1.1240664e-008            
1.4000136e-006  -7.6131583e-009            
1.4100137e-006  -4.9604902e-009            
1.4200138e-006  -3.3164348e-009            
1.4300139e-006  -2.6658095e-009            
1.440014e-006  -2.2161099e-009            
1.4500141e-006  -2.0463834e-009            
1.4600142e-006  -2.2361316e-009            
1.4700143e-006  -2.9586931e-009            
1.4800144e-006  -3.677769e-009            
1.4900145e-006  -4.6082162e-009            
1.5000146e-006  -6.2727985e-009            
1.5100147e-006  -8.3141456e-009            
1.5200147e-006  -1.1020777e-008            
1.5300148e-006  -1.3916766e-008            
1.5400149e-006  -1.7102141e-008            
1.550015e-006  -2.082958e-008            
1.5600151e-006  -2.4107595e-008            
1.5700152e-006  -2.7066181e-008            
1.5800153e-006  -2.9103498e-008            
1.5900154e-006  -3.0484332e-008            
1.6000155e-006  -3.1838226e-008            
1.6100156e-006  -3.3208987e-008            
1.6200157e-006  -3.4633408e-008            
1.6300158e-006  -3.6123693e-008            
1.6400159e-006  -3.7700253e-008            
1.650016e-006  -3.9268134e-008            
1.6600161e-006  -4.0586998e-008            
1.6700162e-006  -3.9672776e-008            
1.6800163e-006  -3.7787931e-008            
1.6900164e-006  -3.634171e-008            
1.7000165e-006  -3.4067215e-008            
1.7100166e-006  -3.1672258e-008            
1.7200167e-006  -2.853097e-008            
1.7300168e-006  -2.6284191e-008            
1.7400169e-006  -2.4358402e-008            
1.750017e-006  -2.2436492e-008            
1.7600171e-006  -2.0296267e-008            
1.7700172e-006  -1.8247927e-008            
1.7800173e-006  -1.5925993e-008            
1.7900174e-006  -1.305151e-008            
1.8000175e-006  -1.0020174e-008            
1.8100176e-006  -6.8223238e-009            
1.8200177e-006  -4.0213178e-009            
1.8300178e-006  -2.5684391e-009            
1.8400179e-006  -1.5469425e-009            
1.850018e-006  -1.5313114e-009            
1.860018e-006  -1.8093563e-009            
1.8700181e-006  -2.17199e-009            
1.8800182e-006  -2.9674581e-009            
1.8900183e-006  -3.8659455e-009            
1.9000184e-006  -5.18782e-009            
1.9100185e-006  -7.4109742e-009            
1.9200186e-006  -9.8753393e-009            
1.9300187e-006  -1.3815316e-008            
1.9400188e-006  -1.8148845e-008            
1.9500189e-006  -2.2439698e-008            
1.960019e-006  -2.592478e-008            
1.9700191e-006  -2.7700022e-008            
1.9800192e-006  -2.87058e-008            
1.9900193e-006  -2.968136e-008            
2.0000194e-006  -3.0807414e-008            
2.0100195e-006  -3.2047297e-008            
2.0200196e-006  -3.3352829e-008            
2.0300197e-006  -3.4983737e-008            
2.0400198e-006  -3.7229128e-008            
2.0500199e-006  -3.9468252e-008            
2.06002e-006  -4.1540601e-008            
2.0700201e-006  -4.2719711e-008            
2.0800202e-006  -4.1375263e-008            
2.0900203e-006  -3.8555714e-008            
2.1000204e-006  -3.6409946e-008            
2.1100205e-006  -3.471369e-008            
2.1200206e-006  -3.3048015e-008            
2.1300207e-006  -3.1299027e-008            
2.1400208e-006  -2.9567427e-008            
2.1500209e-006  -2.7629341e-008            
2.160021e-006  -2.4924011e-008            
2.1700211e-006  -2.2303471e-008            
2.1800212e-006  -1.8682188e-008            
2.1900213e-006  -1.4891867e-008            
2.2000213e-006  -1.1415351e-008            
2.2100214e-006  -8.4204978e-009            
2.2200215e-006  -6.2014015e-009            
2.2300216e-006  -4.4125006e-009            
2.2400217e-006  -3.4463273e-009            
2.2500218e-006  -3.4349164e-009            
2.2600219e-006  -3.5706815e-009            
2.270022e-006  -3.5471046e-009            
2.2800221e-006  -4.0427284e-009            
2.2900222e-006  -5.0570445e-009            
2.3000223e-006  -6.4150397e-009            
2.3100224e-006  -8.4219922e-009            
2.3200225e-006  -1.1246747e-008            
2.3300226e-006  -1.412749e-008            
2.3400227e-006  -1.7015288e-008            
2.3500228e-006  -2.1029154e-008            
2.3600229e-006  -2.468463e-008            
2.370023e-006  -2.762926e-008            
2.3800231e-006  -2.9380642e-008            
2.3900232e-006  -3.1147915e-008            
2.4000233e-006  -3.2818147e-008            
2.4100234e-006  -3.5066083e-008            
2.4200235e-006  -3.7014392e-008            
2.4300236e-006  -3.8867738e-008            
2.4400237e-006  -4.0475211e-008            
2.4500238e-006  -4.1806732e-008            
2.4600239e-006  -4.2079966e-008            
2.470024e-006  -4.093795e-008            
2.4800241e-006  -3.9329432e-008            
2.4900242e-006  -3.8324258e-008            
2.5000243e-006  -3.7108665e-008            
2.5100244e-006  -3.5080071e-008            
2.5200245e-006  -3.3006344e-008            
2.5300245e-006  -3.078606e-008            
2.5400246e-006  -2.8216828e-008            
2.5500247e-006  -2.5258177e-008            
2.5600248e-006  -2.1262941e-008            
2.5700249e-006  -1.8376542e-008            
2.580025e-006  -1.5843208e-008            
2.5900251e-006  -1.3704726e-008            
2.6000252e-006  -1.118575e-008            
2.6100253e-006  -9.21995e-009            
2.6200254e-006  -7.9531516e-009            
2.6300255e-006  -7.5280029e-009            
2.6400256e-006  -7.0305361e-009            
2.6500257e-006  -7.0582431e-009            
2.6600258e-006  -7.9181312e-009            
2.6700259e-006  -8.9029558e-009            
2.680026e-006  -9.9710197e-009            
2.6900261e-006  -1.1430249e-008            
2.7000262e-006  -1.3296748e-008            
2.7100263e-006  -1.5627369e-008            
2.7200264e-006  -1.779051e-008            
2.7300265e-006  -1.9743352e-008            
2.7400266e-006  -2.1530013e-008            
2.7500267e-006  -2.3088596e-008            
2.7600268e-006  -2.4701907e-008            
2.7700269e-006  -2.7234298e-008            
2.780027e-006  -2.9636971e-008            
2.7900271e-006  -3.1974262e-008            
2.8000272e-006  -3.4033534e-008            
2.8100273e-006  -3.6006093e-008            
2.8200274e-006  -3.7681011e-008            
2.8300275e-006  -3.9373635e-008            
2.8400276e-006  -4.1321323e-008            
2.8500277e-006  -4.2954039e-008            
2.8600278e-006  -4.3892856e-008            
2.8700278e-006  -4.2833411e-008            
2.8800279e-006  -4.1052497e-008            
2.890028e-006  -3.9429582e-008            
2.9000281e-006  -3.7513721e-008            
2.9100282e-006  -3.5398347e-008            
2.9200283e-006  -3.3554318e-008            
2.9300284e-006  -3.2007974e-008            
2.9400285e-006  -3.0524452e-008            
2.9500286e-006  -2.9126704e-008            
2.9600287e-006  -2.8186761e-008            
2.9700288e-006  -2.6577353e-008            
2.9800289e-006  -2.2789002e-008            
2.990029e-006  -1.8185172e-008            
3.0000291e-006  -1.4063079e-008            
3.0100292e-006  -1.1593098e-008            
3.0200293e-006  -1.012182e-008            
3.0300294e-006  -9.3707407e-009            
3.0400295e-006  -9.1207756e-009            
3.0500296e-006  -9.2508458e-009            
3.0600297e-006  -9.4447196e-009            
3.0700298e-006  -1.0084501e-008            
3.0800299e-006  -1.1135574e-008            
3.09003e-006  -1.2682345e-008            
3.1000301e-006  -1.4923674e-008            
3.1100302e-006  -1.7537007e-008            
3.1200303e-006  -2.0273751e-008            
3.1300304e-006  -2.2788123e-008            
3.1400305e-006  -2.4360534e-008            
3.1500306e-006  -2.5493233e-008            
3.1600307e-006  -2.6724799e-008            
3.1700308e-006  -2.8337794e-008            
3.1800309e-006  -2.9831635e-008            
3.190031e-006  -3.1611433e-008            
3.2000311e-006  -3.3361425e-008            
3.2100311e-006  -3.5126844e-008            
3.2200312e-006  -3.6773978e-008            
3.2300313e-006  -3.8748921e-008            
3.2400314e-006  -4.0251542e-008            
3.2500315e-006  -4.1780192e-008            
3.2600316e-006  -4.3228067e-008            
3.2700317e-006  -4.42028e-008            
3.2800318e-006  -4.3736171e-008            
3.2900319e-006  -4.1219479e-008            
3.300032e-006  -3.8780902e-008            
3.3100321e-006  -3.6591001e-008            
3.3200322e-006  -3.4188004e-008            
3.3300323e-006  -3.2209636e-008            
3.3400324e-006  -3.0583873e-008            
3.3500325e-006  -2.9435785e-008            
3.3600326e-006  -2.816339e-008            
3.3700327e-006  -2.5626858e-008            
3.3800328e-006  -2.2420292e-008            
3.3900329e-006  -1.8768521e-008            
3.400033e-006  -1.5398125e-008            
3.4100331e-006  -1.3142102e-008            
3.4200332e-006  -1.1333394e-008            
3.4300333e-006  -1.0178411e-008            
3.4400334e-006  -9.5004462e-009            
3.4500335e-006  -9.1075247e-009            
3.4600336e-006  -9.3478734e-009            
3.4700337e-006  -9.7376954e-009            
3.4800338e-006  -1.0367103e-008            
3.4900339e-006  -1.1445023e-008            
3.500034e-006  -1.2967815e-008            
3.5100341e-006  -1.4897505e-008            
3.5200342e-006  -1.7053886e-008            
3.5300343e-006  -1.9289596e-008            
3.5400343e-006  -2.1742221e-008            
3.5500344e-006  -2.4613536e-008            
3.5600345e-006  -2.7688477e-008            
3.5700346e-006  -3.073886e-008            
3.5800347e-006  -3.4085432e-008            
3.5900348e-006  -3.5728877e-008            
3.6000349e-006  -3.6708281e-008            
3.610035e-006  -3.7861602e-008            
3.6200351e-006  -3.9053477e-008            
3.6300352e-006  -4.0344253e-008            
3.6400353e-006  -4.1747632e-008            
3.6500354e-006  -4.3133179e-008            
3.6600355e-006  -4.4125002e-008            
3.6700356e-006  -4.3967495e-008            
3.6800357e-006  -4.2660857e-008            
3.6900358e-006  -4.1460009e-008            
3.7000359e-006  -3.9986639e-008            
3.710036e-006  -3.828123e-008            
3.7200361e-006  -3.6680286e-008            
3.7300362e-006  -3.528855e-008            
3.7400363e-006  -3.3680767e-008            
3.7500364e-006  -3.121429e-008            
3.7600365e-006  -2.8448655e-008            
3.7700366e-006  -2.5815547e-008            
3.7800367e-006  -2.3448285e-008            
3.7900368e-006  -2.0128876e-008            
3.8000369e-006  -1.7058353e-008            
3.810037e-006  -1.4603842e-008            
3.8200371e-006  -1.2218306e-008            
3.8300372e-006  -1.1450446e-008            
3.8400373e-006  -1.1132749e-008            
3.8500374e-006  -1.104361e-008            
3.8600375e-006  -1.1205072e-008            
3.8700376e-006  -1.1642913e-008            
3.8800376e-006  -1.2419469e-008            
3.8900377e-006  -1.3655473e-008            
3.9000378e-006  -1.5125099e-008            
3.9100379e-006  -1.7123717e-008            
3.920038e-006  -1.951817e-008            
3.9300381e-006  -2.2519012e-008            
3.9400382e-006  -2.5193032e-008            
3.9500383e-006  -2.6779291e-008            
3.9600384e-006  -2.8134088e-008            
3.9700385e-006  -2.9580646e-008            
3.9800386e-006  -3.0984011e-008            
3.9900387e-006  -3.2505602e-008            
4.0000388e-006  -3.4380134e-008            
4.0100389e-006  -3.6259265e-008            
4.020039e-006  -3.8265559e-008            
4.0300391e-006  -4.0738976e-008            
4.0400392e-006  -4.2911182e-008            
4.0500393e-006  -4.471364e-008            
4.0600394e-006  -4.6552789e-008            
4.0700395e-006  -4.7548961e-008            
4.0800396e-006  -4.570718e-008            
4.0900397e-006  -4.2801414e-008            
4.1000398e-006  -4.04533e-008            
4.1100399e-006  -3.8631228e-008            
4.12004e-006  -3.6363451e-008            
4.1300401e-006  -3.4228252e-008            
4.1400402e-006  -3.2093783e-008            
4.1500403e-006  -3.0384005e-008            
4.1600404e-006  -2.8291475e-008            
4.1700405e-006  -2.5474611e-008            
4.1800406e-006  -2.1921569e-008            
4.1900407e-006  -1.8714527e-008            
4.2000408e-006  -1.6149735e-008            
4.2100409e-006  -1.3144538e-008            
4.2200409e-006  -1.0046822e-008            
4.230041e-006  -7.6884602e-009            
4.2400411e-006  -5.2791529e-009            
4.2500412e-006  -3.091321e-009            
4.2600413e-006  -1.3236802e-009            
4.2700414e-006  1.3280741e-010            
4.2800415e-006  5.6835471e-010            
4.2900416e-006  6.6818254e-010            
4.3000417e-006  6.4074933e-010            
4.3100418e-006  6.8580708e-010            
4.3200419e-006  7.1069736e-010            
4.330042e-006  5.4113552e-010            
4.3400421e-006  7.3103797e-010            
4.3500422e-006  7.3295881e-010            
4.3600423e-006  7.0084352e-010            
4.3700424e-006  4.5550894e-010            
4.3800425e-006  3.445576e-010            
4.3900426e-006  6.7373326e-011            
4.4000427e-006  -2.4457955e-011            
4.4100428e-006  4.300143e-011            
4.4200429e-006  3.1792649e-010            
4.430043e-006  5.7970937e-010            
4.4400431e-006  3.907609e-010            
4.4500432e-006  3.5045546e-010            
4.4600433e-006  1.9064278e-010            
4.4700434e-006  -1.575637e-010            
4.4800435e-006  -3.140275e-010            
4.4900436e-006  -4.9437918e-010            
4.5000437e-006  -1.6417494e-010            
4.5100438e-006  -1.3685607e-010            
4.5200439e-006  2.1900425e-010            
4.530044e-006  2.2111842e-010            
4.5400441e-006  2.6602945e-010            
