Profile 1             
0  -1.7718361e-008            
2.0058015e-008  -1.7481764e-008            
4.0116029e-008  -1.7132621e-008            
6.0174044e-008  -1.6860032e-008            
8.0232058e-008  -1.6617231e-008            
1.0029007e-007  -1.6161078e-008            
1.2034809e-007  -1.5861629e-008            
1.404061e-007  -1.6007752e-008            
1.6046412e-007  -1.6244126e-008            
1.8052213e-007  -1.6403727e-008            
2.0058015e-007  -1.6288302e-008            
2.2063816e-007  -1.0163714e-008            
2.4069617e-007  -5.844726e-009            
2.6075419e-007  -8.7070744e-009            
2.808122e-007  -1.2235365e-008            
3.0087022e-007  -5.6229829e-009            
3.2092823e-007  1.0203618e-009            
3.4098625e-007  2.1519619e-010            
3.6104426e-007  -9.2462655e-009            
3.8110228e-007  -3.5468859e-009            
4.0116029e-007  3.8682968e-009            
4.2121831e-007  4.1929607e-009            
4.4127632e-007  -6.286525e-009            
4.6133433e-007  -7.6510245e-009            
4.8139235e-007  -4.507324e-010            
5.0145036e-007  1.5156543e-009            
5.2150838e-007  -9.5567315e-009            
5.4156639e-007  -1.6632227e-008            
5.6162441e-007  -1.1428806e-008            
5.8168242e-007  -7.4333784e-009            
6.0174044e-007  -1.1065302e-008            
6.2179845e-007  -1.2472797e-008            
6.4185647e-007  -5.5216365e-009            
6.6191448e-007  -3.4255168e-009            
6.8197249e-007  -9.1037508e-009            
7.0203051e-007  -1.8696607e-008            
7.2208852e-007  -1.2440099e-008            
7.4214654e-007  -8.0348817e-009            
7.6220455e-007  -1.0549108e-008            
7.8226257e-007  -2.0761621e-008            
8.0232058e-007  -1.5634286e-008            
8.223786e-007  -8.2867754e-009            
8.4243661e-007  -6.2220656e-009            
8.6249463e-007  -1.0029028e-008            
8.8255264e-007  -5.1517098e-009            
9.0261065e-007  8.8419789e-010            
9.2266867e-007  3.5380186e-010            
9.4272668e-007  -9.2556966e-009            
9.627847e-007  -1.2958099e-008            
9.8284271e-007  -6.8654818e-009            
1.0029007e-006  -4.2455391e-009            
1.0229587e-006  -1.0535362e-008            
1.0430168e-006  -2.1441606e-008            
1.0630748e-006  -1.5667958e-008            
1.0831328e-006  -8.3615422e-009            
1.1031908e-006  -8.5887796e-009            
1.1232488e-006  -1.6083854e-008            
1.1433068e-006  -8.8098462e-009            
1.1633648e-006  -4.0845438e-009            
1.1834229e-006  -4.3683007e-009            
1.2034809e-006  -1.4138901e-008            
1.2235389e-006  -1.3870705e-008            
1.2435969e-006  -9.3192735e-009            
1.2636549e-006  -8.6741563e-009            
1.2837129e-006  -1.6333492e-008            
1.3037709e-006  -1.557226e-008            
1.323829e-006  -7.5739042e-009            
1.343887e-006  -4.8449052e-009            
1.363945e-006  -7.7175145e-009            
1.384003e-006  -6.1403499e-009            
1.404061e-006  3.5246964e-010            
1.424119e-006  1.4323647e-009            
1.444177e-006  -3.0221577e-009            
1.4642351e-006  -1.0815217e-008            
1.4842931e-006  -3.5824727e-009            
1.5043511e-006  -1.6816814e-009            
1.5244091e-006  -6.2857762e-009            
1.5444671e-006  -1.8411517e-008            
1.5645251e-006  -1.5406738e-008            
1.5845831e-006  -7.5488836e-009            
1.6046412e-006  -8.7706062e-009            
1.6246992e-006  -1.5741934e-008            
1.6447572e-006  -8.2197973e-009            
1.6648152e-006  -3.361635e-009            
1.6848732e-006  -3.9901235e-009            
1.7049312e-006  -1.1401906e-008            
1.7249893e-006  -1.4243972e-008            
1.7450473e-006  -7.6435444e-009            
1.7651053e-006  -7.8530823e-009            
1.7851633e-006  -1.4863696e-008            
1.8052213e-006  -2.6485693e-008            
1.8252793e-006  -1.33526e-008            
1.8453373e-006  -5.8699129e-009            
1.8653954e-006  -6.6777002e-009            
1.8854534e-006  -1.3411151e-008            
1.9055114e-006  -4.243049e-009            
1.9255694e-006  1.6900829e-009            
1.9456274e-006  -5.5885695e-011            
1.9656854e-006  -1.0048943e-008            
1.9857434e-006  -1.1504549e-008            
2.0058015e-006  -3.9860751e-009            
2.0258595e-006  -3.5489318e-009            
2.0459175e-006  -1.1858542e-008            
2.0659755e-006  -2.2378963e-008            
2.0860335e-006  -1.1678464e-008            
2.1060915e-006  -7.3654766e-009            
2.1261495e-006  -1.129627e-008            
2.1462076e-006  -1.3933785e-008            
2.1662656e-006  -4.8040766e-009            
2.1863236e-006  -2.479024e-009            
2.2063816e-006  -8.221552e-009            
2.2264396e-006  -2.0352804e-008            
2.2464976e-006  -1.1334209e-008            
2.2665556e-006  -7.6808676e-009            
2.2866137e-006  -1.0031063e-008            
2.3066717e-006  -2.0956512e-008            
2.3267297e-006  -1.6024936e-008            
2.3467877e-006  -6.8733649e-009            
2.3668457e-006  -5.5607772e-009            
2.3869037e-006  -1.0946376e-008            
2.4069617e-006  -1.341278e-008            
2.4270198e-006  -3.7445798e-009            
2.4470778e-006  5.6914513e-010            
2.4671358e-006  -4.5373567e-009            
2.4871938e-006  -1.7425759e-008            
2.5072518e-006  -9.2303906e-009            
2.5273098e-006  -4.2965192e-009            
2.5473678e-006  -6.8127087e-009            
2.5674259e-006  -1.8379626e-008            
2.5874839e-006  -1.6470619e-008            
2.6075419e-006  -1.012478e-008            
2.6275999e-006  -9.819895e-009            
2.6476579e-006  -1.7230465e-008            
2.6677159e-006  -7.5279855e-009            
2.6877739e-006  -3.2109046e-009            
2.707832e-006  -6.626697e-009            
2.72789e-006  -1.7201329e-008            
2.747948e-006  -1.4858565e-008            
2.768006e-006  -7.2435591e-009            
2.788064e-006  -8.9485703e-009            
2.808122e-006  -1.8170907e-008            
2.8281801e-006  -1.9476487e-008            
2.8482381e-006  -8.5723562e-009            
2.8682961e-006  -3.9865699e-009            
2.8883541e-006  -7.2241388e-009            
2.9084121e-006  -1.2153366e-008            
2.9284701e-006  -5.5089205e-010            
2.9485281e-006  2.5445012e-009            
2.9685862e-006  -2.2538462e-009            
2.9886442e-006  -1.3597565e-008            
3.0087022e-006  -8.6744186e-009            
3.0287602e-006  -2.7490341e-009            
3.0488182e-006  -5.0445109e-009            
3.0688762e-006  -1.503563e-008            
3.0889342e-006  -2.1693676e-008            
3.1089923e-006  -1.0087141e-008            
3.1290503e-006  -8.1253881e-009            
3.1491083e-006  -1.0675136e-008            
3.1691663e-006  -1.0597885e-008            
3.1892243e-006  -2.3842394e-009            
3.2092823e-006  -2.4397854e-009            
3.2293403e-006  -8.5952362e-009            
3.2493984e-006  -1.8603277e-008            
3.2694564e-006  -9.8340923e-009            
3.2895144e-006  -7.5029402e-009            
3.3095724e-006  -1.3398434e-008            
3.3296304e-006  -2.5249561e-008            
3.3496884e-006  -1.1904678e-008            
3.3697464e-006  -6.2149482e-009            
3.3898045e-006  -7.1568447e-009            
3.4098625e-006  -1.248465e-008            
3.4299205e-006  -1.269868e-009            
3.4499785e-006  2.2291929e-010            
3.4700365e-006  -6.5672555e-009            
3.4900945e-006  -1.5665083e-008            
3.5101525e-006  -7.1534407e-009            
3.5302106e-006  -2.6634108e-009            
3.5502686e-006  -9.0368477e-009            
3.5703266e-006  -2.0198548e-008            
3.5903846e-006  -2.2746464e-008            
3.6104426e-006  -1.5087058e-008            
3.6305006e-006  -8.8958893e-009            
3.6505586e-006  -1.1773333e-008            
3.6706167e-006  -1.7170821e-008            
3.6906747e-006  -8.1409736e-009            
3.7107327e-006  -3.64092e-009            
3.7307907e-006  -7.5080533e-009            
3.7508487e-006  -1.7780249e-008            
3.7709067e-006  -1.607009e-008            
3.7909647e-006  -8.052433e-009            
3.8110228e-006  -1.0195728e-008            
3.8310808e-006  -1.8486561e-008            
3.8511388e-006  -1.9165933e-008            
3.8711968e-006  -8.6688371e-009            
3.8912548e-006  -7.1991643e-009            
3.9113128e-006  -1.174596e-008            
3.9313709e-006  -9.2618857e-009            
3.9514289e-006  -1.4001249e-009            
3.9714869e-006  -2.8377917e-009            
3.9915449e-006  -1.1740665e-008            
4.0116029e-006  -1.6058008e-008            
4.0316609e-006  -7.1980425e-009            
4.0517189e-006  -7.5723979e-009            
4.071777e-006  -1.5979292e-008            
4.091835e-006  -2.5703164e-008            
4.111893e-006  -2.3635473e-008            
4.131951e-006  -1.3224794e-008            
4.152009e-006  -1.2033868e-008            
4.172067e-006  -1.6388165e-008            
4.192125e-006  -1.4274601e-008            
4.2121831e-006  -6.4239274e-009            
4.2322411e-006  -7.8973629e-009            
4.2522991e-006  -1.5890902e-008            
4.2723571e-006  -2.0957096e-008            
4.2924151e-006  -1.127269e-008            
4.3124731e-006  -1.0728912e-008            
4.3325311e-006  -1.8956397e-008            
4.3525892e-006  -2.7340395e-008            
4.3726472e-006  -1.3448411e-008            
4.3927052e-006  -7.9960836e-009            
4.4127632e-006  -1.2453251e-008            
4.4328212e-006  -1.5784319e-008            
4.4528792e-006  -4.0634128e-009            
4.4729372e-006  -2.2656984e-009            
4.4929953e-006  -1.0624787e-008            
4.5130533e-006  -1.8671925e-008            
4.5331113e-006  -1.1305283e-008            
4.5531693e-006  -6.7464629e-009            
4.5732273e-006  -1.2151788e-008            
4.5932853e-006  -2.2243314e-008            
4.6133433e-006  -2.4760911e-008            
4.6334014e-006  -1.7782901e-008            
4.6534594e-006  -1.2509915e-008            
4.6735174e-006  -1.7208722e-008            
4.6935754e-006  -2.0113672e-008            
4.7136334e-006  -9.0349427e-009            
4.7336914e-006  -8.883656e-009            
4.7537494e-006  -1.6395449e-008            
4.7738075e-006  -2.2569547e-008            
4.7938655e-006  -1.5530904e-008            
4.8139235e-006  -1.3157846e-008            
4.8339815e-006  -2.0188317e-008            
4.8540395e-006  -2.5979187e-008            
4.8740975e-006  -1.7599217e-008            
4.8941555e-006  -9.2511073e-009            
4.9142136e-006  -1.0024321e-008            
4.9342716e-006  -1.3431885e-008            
4.9543296e-006  -6.8610114e-009            
4.9743876e-006  -2.4511946e-009            
4.9944456e-006  -6.9448459e-009            
5.0145036e-006  -1.6384092e-008            
5.0345617e-006  -1.5077063e-008            
5.0546197e-006  -8.353592e-009            
5.0746777e-006  -1.1391571e-008            
5.0947357e-006  -2.0426834e-008            
5.1147937e-006  -2.6333594e-008            
5.1348517e-006  -2.3032027e-008            
5.1549097e-006  -1.4795163e-008            
5.1749678e-006  -1.6549196e-008            
5.1950258e-006  -1.9809929e-008            
5.2150838e-006  -1.2975165e-008            
5.2351418e-006  -8.9130019e-009            
5.2551998e-006  -1.4022819e-008            
5.2752578e-006  -2.2157141e-008            
5.2953158e-006  -2.0350899e-008            
5.3153739e-006  -1.3070099e-008            
5.3354319e-006  -1.5586753e-008            
5.3554899e-006  -2.6369606e-008            
5.3755479e-006  -3.3220929e-008            
5.3956059e-006  -3.199868e-008            
5.4156639e-006  -2.9400162e-008            
5.4357219e-006  -2.5940456e-008            
5.45578e-006  -2.3836493e-008            
5.475838e-006  -2.2133517e-008            
5.495896e-006  -2.115692e-008            
5.515954e-006  -2.2684644e-008            
5.536012e-006  -2.387711e-008            
5.55607e-006  -2.3456903e-008            
5.576128e-006  -2.2740302e-008            
5.5961861e-006  -2.268304e-008            
5.6162441e-006  -2.3594833e-008            
