Profile 1             
0  -1.2416784e-008            
1.0000837e-008  -1.2336852e-008            
2.0001674e-008  -1.2543224e-008            
3.0002511e-008  -1.2802395e-008            
4.0003348e-008  -1.2702689e-008            
5.0004185e-008  -1.2266842e-008            
6.0005022e-008  -1.2463452e-008            
7.0005859e-008  -1.2822164e-008            
8.0006696e-008  -1.3410112e-008            
9.0007533e-008  -1.4335624e-008            
1.0000837e-007  -1.4169619e-008            
1.1000921e-007  -1.3813386e-008            
1.2001004e-007  -1.3350258e-008            
1.3001088e-007  -1.2214765e-008            
1.4001172e-007  -1.1475421e-008            
1.5001256e-007  -1.0816792e-008            
1.6001339e-007  -1.0453491e-008            
1.7001423e-007  -1.0335379e-008            
1.8001507e-007  -1.0301702e-008            
1.900159e-007  -1.0147684e-008            
2.0001674e-007  -9.7775884e-009            
2.1001758e-007  -9.3553903e-009            
2.2001842e-007  -9.364457e-009            
2.3001925e-007  -9.0451724e-009            
2.4002009e-007  -7.9726324e-009            
2.5002093e-007  -6.2624389e-009            
2.6002176e-007  -4.3775846e-009            
2.700226e-007  -2.7159113e-009            
2.8002344e-007  -1.5839144e-009            
2.9002427e-007  -8.3945453e-010            
3.0002511e-007  -3.9835026e-010            
3.1002595e-007  7.1211768e-011            
3.2002679e-007  4.0161563e-010            
3.3002762e-007  5.8099535e-010            
3.4002846e-007  4.5542311e-010            
3.500293e-007  -1.9615322e-010            
3.6003013e-007  -2.022239e-009            
3.7003097e-007  -5.0416557e-009            
3.8003181e-007  -9.1660733e-009            
3.9003265e-007  -1.5270249e-008            
4.0003348e-007  -2.1985535e-008            
4.1003432e-007  -2.8429458e-008            
4.2003516e-007  -3.4444957e-008            
4.3003599e-007  -3.8964152e-008            
4.4003683e-007  -4.0596882e-008            
4.5003767e-007  -4.1312263e-008            
4.600385e-007  -4.1411021e-008            
4.7003934e-007  -4.0300435e-008            
4.8004018e-007  -3.6394128e-008            
4.9004102e-007  -2.9238491e-008            
5.0004185e-007  -2.114661e-008            
5.1004269e-007  -1.3789821e-008            
5.2004353e-007  -8.4478548e-009            
5.3004436e-007  -5.7693288e-009            
5.400452e-007  -4.1037862e-009            
5.5004604e-007  -2.5301773e-009            
5.6004688e-007  -1.370974e-009            
5.7004771e-007  -5.6944668e-010            
5.8004855e-007  -2.4160783e-010            
5.9004939e-007  -2.5085842e-010            
6.0005022e-007  -8.4072151e-010            
6.1005106e-007  -3.1247414e-009            
6.200519e-007  -6.8113381e-009            
6.3005273e-007  -1.1663077e-008            
6.4005357e-007  -1.7627664e-008            
6.5005441e-007  -2.3331537e-008            
6.6005525e-007  -2.871125e-008            
6.7005608e-007  -3.3094447e-008            
6.8005692e-007  -3.6425003e-008            
6.9005776e-007  -3.8204479e-008            
7.0005859e-007  -3.8990774e-008            
7.1005943e-007  -3.7559215e-008            
7.2006027e-007  -3.3019768e-008            
7.300611e-007  -2.6187781e-008            
7.4006194e-007  -1.9044882e-008            
7.5006278e-007  -1.3687814e-008            
7.6006362e-007  -9.0718118e-009            
7.7006445e-007  -5.9680341e-009            
7.8006529e-007  -3.7823232e-009            
7.9006613e-007  -2.1784975e-009            
8.0006696e-007  -1.155569e-009            
8.100678e-007  -3.4459595e-010            
8.2006864e-007  -1.7238941e-010            
8.3006948e-007  -4.1980675e-010            
8.4007031e-007  -9.3078551e-010            
8.5007115e-007  -2.970665e-009            
8.6007199e-007  -5.8185039e-009            
8.7007282e-007  -9.5780661e-009            
8.8007366e-007  -1.5159055e-008            
8.900745e-007  -2.0819214e-008            
9.0007533e-007  -2.6937522e-008            
9.1007617e-007  -3.2489977e-008            
9.2007701e-007  -3.7230324e-008            
9.3007785e-007  -4.036828e-008            
9.4007868e-007  -4.1237035e-008            
9.5007952e-007  -4.1748152e-008            
9.6008036e-007  -4.2057604e-008            
9.7008119e-007  -4.1764359e-008            
9.8008203e-007  -3.9482591e-008            
9.9008287e-007  -3.3327498e-008            
1.0000837e-006  -2.5508227e-008            
1.0100845e-006  -1.8246607e-008            
1.0200854e-006  -1.1273095e-008            
1.0300862e-006  -7.0997992e-009            
1.0400871e-006  -4.5980593e-009            
1.0500879e-006  -2.8134871e-009            
1.0600887e-006  -1.6842553e-009            
1.0700896e-006  -1.218877e-009            
1.0800904e-006  -1.0176893e-009            
1.0900912e-006  -1.1635943e-009            
1.1000921e-006  -1.4132449e-009            
1.1100929e-006  -3.2423801e-009            
1.1200938e-006  -6.5601892e-009            
1.1300946e-006  -1.1283655e-008            
1.1400954e-006  -1.7039458e-008            
1.1500963e-006  -2.3162314e-008            
1.1600971e-006  -2.8992205e-008            
1.1700979e-006  -3.3852617e-008            
1.1800988e-006  -3.6621253e-008            
1.1900996e-006  -3.7599276e-008            
1.2001004e-006  -3.6961745e-008            
1.2101013e-006  -3.3488117e-008            
1.2201021e-006  -2.6909087e-008            
1.230103e-006  -1.9111866e-008            
1.2401038e-006  -1.2715618e-008            
1.2501046e-006  -7.738279e-009            
1.2601055e-006  -4.8759508e-009            
1.2701063e-006  -3.3220313e-009            
1.2801071e-006  -1.9319032e-009            
1.290108e-006  -7.5881972e-010            
1.3001088e-006  -4.4759217e-011            
1.3101097e-006  4.9439499e-010            
1.3201105e-006  6.7950981e-010            
1.3301113e-006  4.704822e-010            
1.3401122e-006  -1.2022314e-011            
1.350113e-006  -8.6751525e-010            
1.3601138e-006  -2.8308169e-009            
1.3701147e-006  -5.7671013e-009            
1.3801155e-006  -9.9377561e-009            
1.3901164e-006  -1.5328301e-008            
1.4001172e-006  -2.1722528e-008            
1.410118e-006  -2.8483288e-008            
1.4201189e-006  -3.4745153e-008            
1.4301197e-006  -3.8282547e-008            
1.4401205e-006  -3.9526451e-008            
1.4501214e-006  -3.9583501e-008            
1.4601222e-006  -3.8813385e-008            
1.470123e-006  -3.6789926e-008            
1.4801239e-006  -3.1483844e-008            
1.4901247e-006  -2.4270455e-008            
1.5001256e-006  -1.598076e-008            
1.5101264e-006  -9.7888576e-009            
1.5201272e-006  -4.9601762e-009            
1.5301281e-006  -2.2635486e-009            
1.5401289e-006  -4.9161285e-010            
1.5501297e-006  6.5569853e-011            
1.5601306e-006  2.3842222e-011            
1.5701314e-006  -2.0605338e-010            
1.5801323e-006  -1.175241e-009            
1.5901331e-006  -2.0747108e-009            
1.6001339e-006  -3.5721755e-009            
1.6101348e-006  -6.4257789e-009            
1.6201356e-006  -1.050822e-008            
1.6301364e-006  -1.5491218e-008            
1.6401373e-006  -2.0610193e-008            
1.6501381e-006  -2.498961e-008            
1.660139e-006  -2.9539772e-008            
1.6701398e-006  -3.4373518e-008            
1.6801406e-006  -3.7616493e-008            
1.6901415e-006  -3.8721129e-008            
1.7001423e-006  -3.7408439e-008            
1.7101431e-006  -3.4359006e-008            
1.720144e-006  -3.1138997e-008            
1.7301448e-006  -2.6300637e-008            
1.7401456e-006  -1.9724214e-008            
1.7501465e-006  -1.2831014e-008            
1.7601473e-006  -8.2776064e-009            
1.7701482e-006  -5.1487789e-009            
1.780149e-006  -2.9054628e-009            
1.7901498e-006  -1.3206186e-009            
1.8001507e-006  -1.2549703e-010            
1.8101515e-006  6.1233638e-010            
1.8201523e-006  5.8640897e-010            
1.8301532e-006  2.321457e-010            
1.840154e-006  -5.7553774e-010            
1.8501549e-006  -2.2295385e-009            
1.8601557e-006  -4.7096714e-009            
1.8701565e-006  -8.6434971e-009            
1.8801574e-006  -1.3914383e-008            
1.8901582e-006  -2.0153368e-008            
1.900159e-006  -2.6403594e-008            
1.9101599e-006  -3.2259147e-008            
1.9201607e-006  -3.7503345e-008            
1.9301616e-006  -4.0416252e-008            
1.9401624e-006  -4.1785192e-008            
1.9501632e-006  -4.2298495e-008            
1.9601641e-006  -4.2548816e-008            
1.9701649e-006  -4.0880542e-008            
1.9801657e-006  -3.5910311e-008            
1.9901666e-006  -2.866987e-008            
2.0001674e-006  -2.0589216e-008            
2.0101682e-006  -1.3908531e-008            
2.0201691e-006  -7.765767e-009            
2.0301699e-006  -4.0174066e-009            
2.0401708e-006  -2.287653e-009            
2.0501716e-006  -1.4335329e-009            
2.0601724e-006  -7.5977229e-010            
2.0701733e-006  -6.6926475e-010            
2.0801741e-006  -9.4450957e-010            
2.0901749e-006  -1.3876037e-009            
2.1001758e-006  -2.6626966e-009            
2.1101766e-006  -5.4449827e-009            
2.1201775e-006  -9.4520283e-009            
2.1301783e-006  -1.4584838e-008            
2.1401791e-006  -2.0338144e-008            
2.15018e-006  -2.6467064e-008            
2.1601808e-006  -3.2011813e-008            
2.1701816e-006  -3.625925e-008            
2.1801825e-006  -3.8936113e-008            
2.1901833e-006  -4.0986627e-008            
2.2001842e-006  -4.1469144e-008            
2.210185e-006  -3.9141822e-008            
2.2201858e-006  -3.4072956e-008            
2.2301867e-006  -2.4088182e-008            
2.2401875e-006  -1.640024e-008            
2.2501883e-006  -1.1881124e-008            
2.2601892e-006  -8.1738375e-009            
2.27019e-006  -5.3394601e-009            
2.2801908e-006  -3.2594049e-009            
2.2901917e-006  -1.8501125e-009            
2.3001925e-006  -1.0649991e-009            
2.3101934e-006  -1.0778683e-009            
2.3201942e-006  -8.3884571e-010            
2.330195e-006  -1.14519e-009            
2.3401959e-006  -2.1112756e-009            
2.3501967e-006  -3.5656451e-009            
2.3601975e-006  -6.4607795e-009            
2.3701984e-006  -1.0522323e-008            
2.3801992e-006  -1.5428803e-008            
2.3902001e-006  -2.195695e-008            
2.4002009e-006  -2.8594169e-008            
2.4102017e-006  -3.457608e-008            
2.4202026e-006  -3.9372315e-008            
2.4302034e-006  -4.222396e-008            
2.4402042e-006  -4.3090454e-008            
2.4502051e-006  -4.2672986e-008            
2.4602059e-006  -4.1689879e-008            
2.4702068e-006  -3.8570988e-008            
2.4802076e-006  -3.2629418e-008            
2.4902084e-006  -2.5062521e-008            
2.5002093e-006  -1.6748052e-008            
2.5102101e-006  -9.8335122e-009            
2.5202109e-006  -5.570317e-009            
2.5302118e-006  -3.2274166e-009            
2.5402126e-006  -2.1715605e-009            
2.5502134e-006  -1.8777251e-009            
2.5602143e-006  -1.5722834e-009            
2.5702151e-006  -1.6144146e-009            
2.580216e-006  -2.0605508e-009            
2.5902168e-006  -2.8409869e-009            
2.6002176e-006  -4.2515127e-009            
2.6102185e-006  -7.2419193e-009            
2.6202193e-006  -1.1684961e-008            
2.6302201e-006  -1.7203522e-008            
2.640221e-006  -2.2464364e-008            
2.6502218e-006  -2.7962375e-008            
2.6602227e-006  -3.2775383e-008            
2.6702235e-006  -3.6454203e-008            
2.6802243e-006  -3.8479503e-008            
2.6902252e-006  -3.9407726e-008            
2.700226e-006  -3.9161155e-008            
2.7102268e-006  -3.807676e-008            
2.7202277e-006  -3.5551451e-008            
2.7302285e-006  -3.1471262e-008            
2.7402294e-006  -2.5757899e-008            
2.7502302e-006  -1.7029796e-008            
2.760231e-006  -9.6021276e-009            
2.7702319e-006  -5.0188262e-009            
2.7802327e-006  -2.6312594e-009            
2.7902335e-006  -1.2069745e-009            
2.8002344e-006  -4.0899615e-010            
2.8102352e-006  1.8216665e-010            
2.820236e-006  2.6520742e-010            
2.8302369e-006  -1.4536997e-010            
2.8402377e-006  -7.0419348e-010            
2.8502386e-006  -1.9717776e-009            
2.8602394e-006  -4.2139129e-009            
2.8702402e-006  -7.4446818e-009            
2.8802411e-006  -1.2302063e-008            
2.8902419e-006  -1.7442452e-008            
2.9002427e-006  -2.4112665e-008            
2.9102436e-006  -3.0680429e-008            
2.9202444e-006  -3.6381477e-008            
2.9302453e-006  -3.9636601e-008            
2.9402461e-006  -4.0873852e-008            
2.9502469e-006  -4.126842e-008            
2.9602478e-006  -4.0777998e-008            
2.9702486e-006  -3.8700386e-008            
2.9802494e-006  -3.391646e-008            
2.9902503e-006  -2.6100969e-008            
3.0002511e-006  -1.8133178e-008            
3.010252e-006  -1.2610561e-008            
3.0202528e-006  -8.5888326e-009            
3.0302536e-006  -5.3242194e-009            
3.0402545e-006  -3.3686493e-009            
3.0502553e-006  -2.1713113e-009            
3.0602561e-006  -1.736997e-009            
3.070257e-006  -1.5465719e-009            
3.0802578e-006  -1.8056812e-009            
3.0902586e-006  -2.1908045e-009            
3.1002595e-006  -3.129846e-009            
3.1102603e-006  -5.9889231e-009            
3.1202612e-006  -9.8281833e-009            
3.130262e-006  -1.4783671e-008            
3.1402628e-006  -2.0046371e-008            
3.1502637e-006  -2.6440597e-008            
3.1602645e-006  -3.1932152e-008            
3.1702653e-006  -3.6102886e-008            
3.1802662e-006  -3.9347356e-008            
3.190267e-006  -4.1037467e-008            
3.2002679e-006  -4.1457445e-008            
3.2102687e-006  -3.9603205e-008            
3.2202695e-006  -3.4985177e-008            
3.2302704e-006  -2.726696e-008            
3.2402712e-006  -1.8187577e-008            
3.250272e-006  -1.1753951e-008            
3.2602729e-006  -7.5183476e-009            
3.2702737e-006  -4.3972872e-009            
3.2802746e-006  -2.409959e-009            
3.2902754e-006  -1.2280822e-009            
3.3002762e-006  -9.7741779e-011            
3.3102771e-006  5.066508e-010            
3.3202779e-006  6.2772829e-010            
3.3302787e-006  4.7576255e-010            
3.3402796e-006  -8.1517427e-011            
3.3502804e-006  -9.6537063e-010            
3.3602813e-006  -3.5153504e-009            
3.3702821e-006  -6.96297e-009            
3.3802829e-006  -1.1819596e-008            
3.3902838e-006  -1.7749701e-008            
3.4002846e-006  -2.5040989e-008            
3.4102854e-006  -3.2106748e-008            
3.4202863e-006  -3.8495438e-008            
3.4302871e-006  -4.2631028e-008            
3.4402879e-006  -4.401589e-008            
3.4502888e-006  -4.4812873e-008            
3.4602896e-006  -4.500201e-008            
3.4702905e-006  -4.3781628e-008            
3.4802913e-006  -3.8639356e-008            
3.4902921e-006  -3.095587e-008            
3.500293e-006  -2.2338111e-008            
3.5102938e-006  -1.5586718e-008            
3.5202946e-006  -1.0781713e-008            
3.5302955e-006  -6.4464478e-009            
3.5402963e-006  -3.6435218e-009            
3.5502972e-006  -1.9999267e-009            
3.560298e-006  -1.2562045e-009            
3.5702988e-006  -5.8547983e-010            
3.5802997e-006  -4.8425791e-010            
3.5903005e-006  -8.6149775e-010            
3.6003013e-006  -1.6207213e-009            
3.6103022e-006  -3.9013707e-009            
3.620303e-006  -7.6232698e-009            
3.6303039e-006  -1.3018516e-008            
3.6403047e-006  -1.9466422e-008            
3.6503055e-006  -2.7171367e-008            
3.6603064e-006  -3.4022273e-008            
3.6703072e-006  -3.9105283e-008            
3.680308e-006  -4.1861796e-008            
3.6903089e-006  -4.3017092e-008            
3.7003097e-006  -4.3039432e-008            
3.7103105e-006  -4.1766396e-008            
3.7203114e-006  -3.7586475e-008            
3.7303122e-006  -3.0837642e-008            
3.7403131e-006  -2.1911127e-008            
3.7503139e-006  -1.4725134e-008            
3.7603147e-006  -9.6041593e-009            
3.7703156e-006  -5.7681796e-009            
3.7803164e-006  -3.07507e-009            
3.7903172e-006  -8.0910822e-010            
3.8003181e-006  5.8141617e-010            
3.8103189e-006  1.1223057e-009            
3.8203198e-006  1.3930044e-009            
3.8303206e-006  1.2955711e-009            
3.8403214e-006  6.1533124e-010            
3.8503223e-006  -4.643874e-010            
3.8603231e-006  -3.4280454e-009            
3.8703239e-006  -7.9201963e-009            
3.8803248e-006  -1.3164993e-008            
3.8903256e-006  -1.9564245e-008            
3.9003265e-006  -2.6634459e-008            
3.9103273e-006  -3.3416221e-008            
3.9203281e-006  -3.8704632e-008            
3.930329e-006  -4.2254162e-008            
3.9403298e-006  -4.4119695e-008            
3.9503306e-006  -4.4766951e-008            
3.9603315e-006  -4.5275975e-008            
3.9703323e-006  -4.4576658e-008            
3.9803331e-006  -4.2696676e-008            
3.990334e-006  -3.8246726e-008            
4.0003348e-006  -3.1372319e-008            
4.0103357e-006  -2.3405501e-008            
4.0203365e-006  -1.6894837e-008            
4.0303373e-006  -1.1024492e-008            
4.0403382e-006  -7.5365882e-009            
4.050339e-006  -5.34038e-009            
4.0603398e-006  -4.1288004e-009            
4.0703407e-006  -3.008623e-009            
4.0803415e-006  -2.5379946e-009            
4.0903424e-006  -2.3669967e-009            
4.1003432e-006  -3.1063409e-009            
4.110344e-006  -5.5518038e-009            
4.1203449e-006  -9.4386626e-009            
4.1303457e-006  -1.47916e-008            
4.1403465e-006  -2.0787974e-008            
4.1503474e-006  -2.7739535e-008            
4.1603482e-006  -3.4478755e-008            
4.1703491e-006  -3.9945936e-008            
4.1803499e-006  -4.313424e-008            
4.1903507e-006  -4.4433972e-008            
4.2003516e-006  -4.4872488e-008            
4.2103524e-006  -4.4216364e-008            
4.2203532e-006  -4.064188e-008            
4.2303541e-006  -3.5288407e-008            
4.2403549e-006  -2.7529337e-008            
4.2503557e-006  -1.9728159e-008            
4.2603566e-006  -1.3318913e-008            
4.2703574e-006  -8.6956267e-009            
4.2803583e-006  -5.2400125e-009            
4.2903591e-006  -2.9571622e-009            
4.3003599e-006  -1.270294e-009            
4.3103608e-006  -2.2530714e-010            
4.3203616e-006  2.1365335e-010            
4.3303624e-006  1.8935261e-010            
4.3403633e-006  -1.4336533e-010            
4.3503641e-006  -1.8096895e-009            
4.360365e-006  -4.2483155e-009            
4.3703658e-006  -7.6923902e-009            
4.3803666e-006  -1.2951041e-008            
4.3903675e-006  -1.9502317e-008            
4.4003683e-006  -2.6835749e-008            
4.4103691e-006  -3.420115e-008            
4.42037e-006  -4.0950183e-008            
4.4303708e-006  -4.666792e-008            
4.4403717e-006  -4.9263477e-008            
4.4503725e-006  -4.9891519e-008            
4.4603733e-006  -5.0075189e-008            
4.4703742e-006  -4.9704696e-008            
4.480375e-006  -4.7619872e-008            
4.4903758e-006  -4.3264173e-008            
4.5003767e-006  -3.6786378e-008            
4.5103775e-006  -2.9336409e-008            
4.5203783e-006  -2.1419492e-008            
4.5303792e-006  -1.3755775e-008            
4.54038e-006  -9.3078925e-009            
4.5503809e-006  -6.1722534e-009            
4.5603817e-006  -4.8573716e-009            
4.5703825e-006  -4.4315366e-009            
4.5803834e-006  -4.9150947e-009            
4.5903842e-006  -5.4298087e-009            
4.600385e-006  -6.8495131e-009            
4.6103859e-006  -9.4152748e-009            
4.6203867e-006  -1.3509693e-008            
4.6303876e-006  -1.8779433e-008            
4.6403884e-006  -2.5552111e-008            
4.6503892e-006  -3.250262e-008            
4.6603901e-006  -3.8976414e-008            
4.6703909e-006  -4.3222732e-008            
4.6803917e-006  -4.5149209e-008            
4.6903926e-006  -4.5976652e-008            
4.7003934e-006  -4.5928208e-008            
4.7103943e-006  -4.4896313e-008            
4.7203951e-006  -4.2089167e-008            
4.7303959e-006  -3.7741003e-008            
4.7403968e-006  -3.117303e-008            
4.7503976e-006  -2.407689e-008            
4.7603984e-006  -1.6974565e-008            
4.7703993e-006  -1.1009882e-008            
4.7804001e-006  -6.1908734e-009            
4.7904009e-006  -3.7722954e-009            
4.8004018e-006  -1.9116328e-009            
4.8104026e-006  -1.2286417e-009            
4.8204035e-006  -9.6178433e-010            
4.8304043e-006  -1.6353696e-009            
4.8404051e-006  -2.4686923e-009            
4.850406e-006  -3.9009991e-009            
4.8604068e-006  -7.0296535e-009            
4.8704076e-006  -1.1185184e-008            
4.8804085e-006  -1.6774409e-008            
4.8904093e-006  -2.3758628e-008            
4.9004102e-006  -3.1315653e-008            
4.910411e-006  -3.833018e-008            
4.9204118e-006  -4.405193e-008            
4.9304127e-006  -4.7648779e-008            
4.9404135e-006  -4.9265635e-008            
4.9504143e-006  -5.0055199e-008            
4.9604152e-006  -5.0319395e-008            
4.970416e-006  -4.9969758e-008            
4.9804169e-006  -4.7226408e-008            
4.9904177e-006  -4.1341111e-008            
5.0004185e-006  -3.3629318e-008            
5.0104194e-006  -2.5407444e-008            
5.0204202e-006  -1.8988766e-008            
5.030421e-006  -1.3495301e-008            
5.0404219e-006  -1.0153994e-008            
5.0504227e-006  -7.7691423e-009            
5.0604235e-006  -6.533812e-009            
5.0704244e-006  -5.8525609e-009            
5.0804252e-006  -5.4470543e-009            
5.0904261e-006  -5.4970419e-009            
5.1004269e-006  -6.8969345e-009            
5.1104277e-006  -1.0005794e-008            
5.1204286e-006  -1.474754e-008            
5.1304294e-006  -2.1158538e-008            
5.1404302e-006  -2.7660378e-008            
5.1504311e-006  -3.3572037e-008            
5.1604319e-006  -3.9584093e-008            
5.1704328e-006  -4.4405714e-008            
5.1804336e-006  -4.7113156e-008            
5.1904344e-006  -4.823699e-008            
5.2004353e-006  -4.7957406e-008            
5.2104361e-006  -4.6346234e-008            
5.2204369e-006  -4.3587632e-008            
5.2304378e-006  -4.0163e-008            
5.2404386e-006  -3.5910952e-008            
5.2504395e-006  -3.2686805e-008            
5.2604403e-006  -3.0195489e-008            
5.2704411e-006  -2.8641521e-008            
5.280442e-006  -2.792956e-008            
5.2904428e-006  -2.7491089e-008            
5.3004436e-006  -2.6913574e-008            
5.3104445e-006  -2.6053332e-008            
5.3204453e-006  -2.598007e-008            
5.3304461e-006  -2.6597308e-008            
5.340447e-006  -2.6488449e-008            
5.3504478e-006  -2.6870861e-008            
5.3604487e-006  -2.7086719e-008            
5.3704495e-006  -2.7034374e-008            
5.3804503e-006  -2.6961663e-008            
5.3904512e-006  -2.7249032e-008            
5.400452e-006  -2.7177871e-008            
5.4104528e-006  -2.7090548e-008            
