Profile 1             
0  -3.1791126e-009            
2.0010166e-008  -1.6824755e-009            
4.0020333e-008  -1.4122764e-009            
6.0030499e-008  -1.6526169e-009            
8.0040666e-008  -1.1820451e-009            
1.0005083e-007  -7.7202818e-010            
1.20061e-007  -2.6127187e-011            
1.4007116e-007  -8.6099173e-010            
1.6008133e-007  -1.1773506e-009            
1.800915e-007  3.9880135e-011            
2.0010166e-007  -5.008602e-010            
2.2011183e-007  -2.325173e-009            
2.40122e-007  -2.6838754e-009            
2.6013216e-007  -2.7083019e-009            
2.8014233e-007  -2.8939396e-009            
3.001525e-007  -2.602735e-009            
3.2016266e-007  -1.5222434e-009            
3.4017283e-007  -1.3735348e-009            
3.6018299e-007  -1.5660081e-009            
3.8019316e-007  -1.5503341e-009            
4.0020333e-007  -1.4474526e-009            
4.2021349e-007  -1.3014141e-009            
4.4022366e-007  -9.6014099e-010            
4.6023383e-007  -6.9699278e-010            
4.8024399e-007  -2.3373782e-010            
5.0025416e-007  7.4439044e-010            
5.2026433e-007  -3.8841969e-010            
5.4027449e-007  -1.6306159e-009            
5.6028466e-007  -7.0410067e-010            
5.8029482e-007  8.4892733e-010            
6.0030499e-007  9.2659959e-010            
6.2031516e-007  -1.6635506e-009            
6.4032532e-007  -2.2031082e-009            
6.6033549e-007  -9.9849212e-010            
6.8034566e-007  7.0062363e-010            
7.0035582e-007  -2.6750504e-011            
7.2036599e-007  -1.6359115e-009            
7.4037616e-007  -1.8369257e-009            
7.6038632e-007  -1.8240289e-009            
7.8039649e-007  -1.6920106e-009            
8.0040666e-007  -2.1993461e-009            
8.2041682e-007  -3.0078377e-009            
8.4042699e-007  -2.7928475e-009            
8.6043715e-007  -3.04151e-009            
8.8044732e-007  -4.1304081e-009            
9.0045749e-007  -4.051129e-009            
9.2046765e-007  -4.5146127e-009            
9.4047782e-007  -6.7221731e-009            
9.6048799e-007  -6.7699296e-009            
9.8049815e-007  -4.5190381e-009            
1.0005083e-006  -4.6453847e-009            
1.0205185e-006  -1.8006532e-008            
1.0405287e-006  -3.4681182e-008            
1.0605388e-006  -5.9522499e-008            
1.080549e-006  -7.9590823e-008            
1.1005592e-006  -8.4484283e-008            
1.1205693e-006  -7.3689283e-008            
1.1405795e-006  -5.6871274e-008            
1.1605896e-006  -4.1334231e-008            
1.1805998e-006  -2.8748436e-008            
1.20061e-006  -1.9539549e-008            
1.2206201e-006  -1.2626262e-008            
1.2406303e-006  -6.5546108e-009            
1.2606405e-006  -1.6499361e-009            
1.2806506e-006  -9.1797123e-010            
1.3006608e-006  -2.0061423e-009            
1.320671e-006  -3.2192337e-010            
1.3406811e-006  -2.2658112e-009            
1.3606913e-006  -1.5085158e-008            
1.3807015e-006  -3.2067145e-008            
1.4007116e-006  -5.3117539e-008            
1.4207218e-006  -7.4253336e-008            
1.440732e-006  -8.6522987e-008            
1.4607421e-006  -8.9233206e-008            
1.4807523e-006  -8.1119765e-008            
1.5007625e-006  -6.5246177e-008            
1.5207726e-006  -4.9263231e-008            
1.5407828e-006  -3.6892691e-008            
1.560793e-006  -2.7853535e-008            
1.5808031e-006  -2.1179285e-008            
1.6008133e-006  -1.4585162e-008            
1.6208235e-006  -7.5992354e-009            
1.6408336e-006  -4.5436327e-009            
1.6608438e-006  -6.5450314e-009            
1.680854e-006  -7.371621e-009            
1.7008641e-006  -3.7851853e-009            
1.7208743e-006  -5.182552e-010            
1.7408845e-006  -4.9121058e-009            
1.7608946e-006  -1.983176e-008            
1.7809048e-006  -3.7220013e-008            
1.800915e-006  -6.1132719e-008            
1.8209251e-006  -8.0899241e-008            
1.8409353e-006  -8.7961349e-008            
1.8609455e-006  -8.3428844e-008            
1.8809556e-006  -6.9053053e-008            
1.9009658e-006  -5.316814e-008            
1.920976e-006  -3.9718716e-008            
1.9409861e-006  -2.9191866e-008            
1.9609963e-006  -2.0693913e-008            
1.9810065e-006  -1.2513837e-008            
2.0010166e-006  -4.718392e-009            
2.0210268e-006  -9.9554766e-010            
2.041037e-006  -5.1649053e-009            
2.0610471e-006  -9.0966293e-009            
2.0810573e-006  -7.6703359e-009            
2.1010675e-006  -3.5985716e-009            
2.1210776e-006  2.6885277e-010            
2.1410878e-006  -2.1591558e-009            
2.161098e-006  -1.6693528e-008            
2.1811081e-006  -3.2799043e-008            
2.2011183e-006  -5.5819903e-008            
2.2211285e-006  -7.7986358e-008            
2.2411386e-006  -8.6623874e-008            
2.2611488e-006  -7.9451444e-008            
2.281159e-006  -6.0869735e-008            
2.3011691e-006  -4.30491e-008            
2.3211793e-006  -2.9611268e-008            
2.3411895e-006  -1.9894722e-008            
2.3611996e-006  -1.2755069e-008            
2.3812098e-006  -6.7046668e-009            
2.40122e-006  -1.6051686e-009            
2.4212301e-006  -1.9677255e-009            
2.4412403e-006  -7.4956627e-009            
2.4612505e-006  -9.2263117e-009            
2.4812606e-006  -5.8868101e-009            
2.5012708e-006  -3.7587026e-009            
2.521281e-006  -1.0533039e-008            
2.5412911e-006  -2.5699686e-008            
2.5613013e-006  -4.1627602e-008            
2.5813115e-006  -6.4047139e-008            
2.6013216e-006  -8.2240363e-008            
2.6213318e-006  -8.896344e-008            
2.641342e-006  -8.7499006e-008            
2.6613521e-006  -7.3769887e-008            
2.6813623e-006  -5.4200258e-008            
2.7013725e-006  -3.7208291e-008            
2.7213826e-006  -2.454101e-008            
2.7413928e-006  -1.5453341e-008            
2.761403e-006  -8.0388559e-009            
2.7814131e-006  -1.7980686e-009            
2.8014233e-006  7.6281601e-010            
2.8214335e-006  -3.0314148e-009            
2.8414436e-006  -4.4619829e-009            
2.8614538e-006  -3.6354678e-010            
2.881464e-006  2.8282326e-009            
2.9014741e-006  -6.2572462e-009            
2.9214843e-006  -2.1898651e-008            
2.9414945e-006  -4.047644e-008            
2.9615046e-006  -6.7520913e-008            
2.9815148e-006  -8.4482365e-008            
3.001525e-006  -8.9752042e-008            
3.0215351e-006  -8.7225471e-008            
3.0415453e-006  -7.1919715e-008            
3.0615555e-006  -5.2471137e-008            
3.0815656e-006  -3.6247296e-008            
3.1015758e-006  -2.4696503e-008            
3.121586e-006  -1.6130378e-008            
3.1415961e-006  -8.8781072e-009            
3.1616063e-006  -2.6964231e-009            
3.1816165e-006  -3.4651157e-010            
3.2016266e-006  -4.4081637e-009            
3.2216368e-006  -6.3997477e-009            
3.241647e-006  -3.7610226e-009            
3.2616571e-006  -3.6014521e-010            
3.2816673e-006  -5.7999386e-009            
3.3016775e-006  -2.4131602e-008            
3.3216876e-006  -4.3959505e-008            
3.3416978e-006  -7.01356e-008            
3.361708e-006  -8.5169864e-008            
3.3817181e-006  -8.9240022e-008            
3.4017283e-006  -8.450293e-008            
3.4217385e-006  -6.6940391e-008            
3.4417486e-006  -4.8311776e-008            
3.4617588e-006  -3.3775672e-008            
3.4817689e-006  -2.2884503e-008            
3.5017791e-006  -1.4437871e-008            
3.5217893e-006  -7.6698335e-009            
3.5417994e-006  -1.3744596e-009            
3.5618096e-006  1.344614e-009            
3.5818198e-006  -6.0538343e-009            
3.6018299e-006  -1.2456168e-008            
3.6218401e-006  -1.0788396e-008            
3.6418503e-006  -6.0959317e-009            
3.6618604e-006  -1.2691354e-009            
3.6818706e-006  -1.7606521e-009            
3.7018808e-006  -1.5989981e-008            
3.7218909e-006  -3.4087708e-008            
3.7419011e-006  -5.68364e-008            
3.7619113e-006  -7.937402e-008            
3.7819214e-006  -8.2445699e-008            
3.8019316e-006  -6.8560182e-008            
3.8219418e-006  -5.148752e-008            
3.8419519e-006  -3.7562581e-008            
3.8619621e-006  -2.7036245e-008            
3.8819723e-006  -1.8746892e-008            
3.9019824e-006  -1.1886745e-008            
3.9219926e-006  -5.1211261e-009            
3.9420028e-006  -4.7656907e-010            
3.9620129e-006  -3.5270986e-009            
3.9820231e-006  -9.4341379e-009            
4.0020333e-006  -1.0271356e-008            
4.0220434e-006  -7.4355917e-009            
4.0420536e-006  -3.4370944e-009            
4.0620638e-006  -4.8044219e-009            
4.0820739e-006  -1.9255252e-008            
4.1020841e-006  -3.7694228e-008            
4.1220943e-006  -6.047248e-008            
4.1421044e-006  -8.1356984e-008            
4.1621146e-006  -8.2312906e-008            
4.1821248e-006  -6.7079889e-008            
4.2021349e-006  -5.0405558e-008            
4.2221451e-006  -3.6695367e-008            
4.2421553e-006  -2.6401546e-008            
4.2621654e-006  -1.8233301e-008            
4.2821756e-006  -1.1585712e-008            
4.3021858e-006  -5.9618664e-009            
4.3221959e-006  -3.0244991e-009            
4.3422061e-006  -3.7975213e-009            
4.3622163e-006  -7.2498459e-009            
4.3822264e-006  -8.1499687e-009            
4.4022366e-006  -4.8620769e-009            
4.4222468e-006  -2.2064697e-010            
4.4422569e-006  4.5122495e-010            
4.4622671e-006  -1.3207043e-008            
4.4822773e-006  -3.0422513e-008            
4.5022874e-006  -5.3879031e-008            
4.5222976e-006  -7.9642584e-008            
4.5423078e-006  -8.8425759e-008            
4.5623179e-006  -8.9176714e-008            
4.5823281e-006  -7.8550496e-008            
4.6023383e-006  -6.1826171e-008            
4.6223484e-006  -4.6602544e-008            
4.6423586e-006  -3.4294371e-008            
4.6623688e-006  -2.4978273e-008            
4.6823789e-006  -1.7037689e-008            
4.7023891e-006  -1.0112629e-008            
4.7223993e-006  -4.573134e-009            
4.7424094e-006  -3.6379565e-009            
4.7624196e-006  -6.6284544e-009            
4.7824298e-006  -4.5290875e-009            
4.8024399e-006  -4.8395206e-010            
4.8224501e-006  -4.4429204e-009            
4.8424603e-006  -2.0261414e-008            
4.8624704e-006  -3.6482611e-008            
4.8824806e-006  -6.2046066e-008            
4.9024908e-006  -8.2273871e-008            
4.9225009e-006  -8.8860045e-008            
4.9425111e-006  -8.8383093e-008            
4.9625213e-006  -7.3992761e-008            
4.9825314e-006  -5.4628571e-008            
5.0025416e-006  -3.8907512e-008            
5.0225518e-006  -2.783692e-008            
5.0425619e-006  -1.9889831e-008            
5.0625721e-006  -1.3666091e-008            
5.0825823e-006  -8.2656382e-009            
5.1025924e-006  -3.8610287e-009            
5.1226026e-006  -3.8250313e-009            
5.1426128e-006  -8.784999e-009            
5.1626229e-006  -7.6497022e-009            
5.1826331e-006  -3.891501e-009            
5.2026433e-006  -2.0182454e-009            
5.2226534e-006  -9.6985442e-009            
5.2426636e-006  -2.7934649e-008            
5.2626738e-006  -4.6806548e-008            
5.2826839e-006  -7.1568799e-008            
5.3026941e-006  -8.5969433e-008            
5.3227043e-006  -8.9256946e-008            
5.3427144e-006  -7.8903582e-008            
5.3627246e-006  -6.0592931e-008            
5.3827348e-006  -4.4564855e-008            
5.4027449e-006  -3.2701722e-008            
5.4227551e-006  -2.3348384e-008            
5.4427653e-006  -1.5722758e-008            
5.4627754e-006  -8.0537592e-009            
5.4827856e-006  -2.4457348e-009            
5.5027958e-006  -4.3708201e-009            
5.5228059e-006  -9.3269826e-009            
5.5428161e-006  -9.6983595e-009            
5.5628263e-006  -7.3709884e-009            
5.5828364e-006  -3.7111597e-009            
5.6028466e-006  -1.2265575e-009            
5.6228568e-006  -1.0877355e-008            
5.6428669e-006  -2.9402659e-008            
5.6628771e-006  -4.873099e-008            
5.6828873e-006  -7.5897811e-008            
5.7028974e-006  -8.6953499e-008            
5.7229076e-006  -8.2219456e-008            
5.7429177e-006  -6.4158288e-008            
5.7629279e-006  -4.6801505e-008            
5.7829381e-006  -3.3324379e-008            
5.8029482e-006  -2.3226827e-008            
5.8229584e-006  -1.5937865e-008            
5.8429686e-006  -9.4525212e-009            
5.8629787e-006  -2.8121014e-009            
5.8829889e-006  -5.6838415e-010            
5.9029991e-006  -5.8488436e-009            
5.9230092e-006  -7.9484763e-009            
5.9430194e-006  -5.1706165e-009            
5.9630296e-006  -1.1702746e-009            
5.9830397e-006  -4.278961e-010            
6.0030499e-006  -1.3582123e-008            
6.0230601e-006  -3.0779151e-008            
6.0430702e-006  -5.2955308e-008            
6.0630804e-006  -7.8515516e-008            
6.0830906e-006  -8.7324352e-008            
6.1031007e-006  -7.8784196e-008            
6.1231109e-006  -6.359686e-008            
6.1431211e-006  -4.9117049e-008            
6.1631312e-006  -3.6884957e-008            
6.1831414e-006  -2.7582566e-008            
6.2031516e-006  -1.9931915e-008            
6.2231617e-006  -1.3203688e-008            
6.2431719e-006  -6.6568175e-009            
6.2631821e-006  -2.6223683e-009            
6.2831922e-006  -7.6980622e-009            
6.3032024e-006  -1.0522077e-008            
6.3232126e-006  -8.0218801e-009            
6.3432227e-006  -3.8888937e-009            
6.3632329e-006  -1.573909e-009            
6.3832431e-006  -1.0841772e-008            
6.4032532e-006  -2.860651e-008            
6.4232634e-006  -4.5551721e-008            
6.4432736e-006  -6.8091315e-008            
6.4632837e-006  -8.4415717e-008            
6.4832939e-006  -8.9395543e-008            
6.5033041e-006  -8.1960008e-008            
6.5233142e-006  -6.4418988e-008            
6.5433244e-006  -4.7191656e-008            
6.5633346e-006  -3.3717801e-008            
6.5833447e-006  -2.3741623e-008            
6.6033549e-006  -1.6355373e-008            
6.6233651e-006  -1.0749558e-008            
6.6433752e-006  -6.7193966e-009            
6.6633854e-006  -6.4108406e-009            
6.6833956e-006  -8.7236359e-009            
6.7034057e-006  -7.5244116e-009            
6.7234159e-006  -3.7705735e-009            
6.7434261e-006  -1.5301497e-009            
6.7634362e-006  -9.1978614e-009            
6.7834464e-006  -2.7780942e-008            
6.8034566e-006  -4.568198e-008            
6.8234667e-006  -7.1309461e-008            
6.8434769e-006  -8.5926475e-008            
6.8634871e-006  -8.9742506e-008            
6.8834972e-006  -8.3801893e-008            
6.9035074e-006  -6.7609989e-008            
6.9235176e-006  -5.050636e-008            
6.9435277e-006  -3.6406583e-008            
6.9635379e-006  -2.5704974e-008            
6.9835481e-006  -1.7609349e-008            
7.0035582e-006  -1.0650485e-008            
7.0235684e-006  -4.1143802e-009            
7.0435786e-006  -4.4263156e-010            
7.0635887e-006  -3.6819299e-009            
7.0835989e-006  -6.9998041e-009            
7.1036091e-006  -4.9335989e-009            
7.1236192e-006  -2.9450103e-009            
7.1436294e-006  -1.0595578e-008            
7.1636396e-006  -2.6697355e-008            
7.1836497e-006  -4.4750081e-008            
7.2036599e-006  -6.77765e-008            
7.2236701e-006  -8.4077324e-008            
7.2436802e-006  -8.8087294e-008            
7.2636904e-006  -7.8238342e-008            
7.2837006e-006  -6.0315431e-008            
7.3037107e-006  -4.4297549e-008            
7.3237209e-006  -3.2423999e-008            
7.3437311e-006  -2.3649734e-008            
7.3637412e-006  -1.6859572e-008            
7.3837514e-006  -1.0859872e-008            
7.4037616e-006  -5.4585888e-009            
7.4237717e-006  -3.1626463e-009            
7.4437819e-006  -6.1410594e-009            
7.4637921e-006  -8.1770334e-009            
7.4838022e-006  -6.1868897e-009            
7.5038124e-006  -2.9798621e-009            
7.5238226e-006  -6.2062903e-010            
7.5438327e-006  -5.7710127e-009            
7.5638429e-006  -2.0930829e-008            
7.5838531e-006  -3.9502219e-008            
7.6038632e-006  -6.7387612e-008            
7.6238734e-006  -8.469347e-008            
7.6438836e-006  -8.0603981e-008            
7.6638937e-006  -6.2503278e-008            
7.6839039e-006  -4.4780763e-008            
7.7039141e-006  -3.1108721e-008            
7.7239242e-006  -2.1414033e-008            
7.7439344e-006  -1.3414223e-008            
7.7639446e-006  -6.2032909e-009            
7.7839547e-006  -9.60292e-010            
7.8039649e-006  -8.2365287e-010            
7.8239751e-006  -7.3156105e-009            
7.8439852e-006  -1.1456692e-008            
7.8639954e-006  -1.0515533e-008            
7.8840056e-006  -6.5031777e-009            
7.9040157e-006  -1.8266156e-009            
7.9240259e-006  -2.9348913e-009            
7.9440361e-006  -1.7856851e-008            
7.9640462e-006  -3.9284491e-008            
7.9840564e-006  -6.3675515e-008            
8.0040666e-006  -8.3251829e-008            
8.0240767e-006  -8.1822714e-008            
8.0440869e-006  -6.6078754e-008            
8.064097e-006  -4.8161587e-008            
8.0841072e-006  -3.4154214e-008            
8.1041174e-006  -2.3621778e-008            
8.1241275e-006  -1.5762497e-008            
8.1441377e-006  -8.5450553e-009            
8.1641479e-006  -2.0898479e-009            
8.184158e-006  7.9337801e-011            
8.2041682e-006  -4.6614404e-009            
8.2241784e-006  -9.0511431e-009            
8.2441885e-006  -7.2487606e-009            
8.2641987e-006  -3.3824558e-009            
8.2842089e-006  1.9316636e-010            
8.304219e-006  -5.0537477e-009            
8.3242292e-006  -2.0917042e-008            
8.3442394e-006  -4.2602636e-008            
8.3642495e-006  -6.7959682e-008            
8.3842597e-006  -8.5355291e-008            
8.4042699e-006  -8.8392121e-008            
8.42428e-006  -8.1612424e-008            
8.4442902e-006  -6.5624869e-008            
8.4643004e-006  -4.8706241e-008            
8.4843105e-006  -3.5218964e-008            
8.5043207e-006  -2.5166649e-008            
8.5243309e-006  -1.7396822e-008            
8.544341e-006  -1.0368856e-008            
8.5643512e-006  -3.6200662e-009            
8.5843614e-006  5.2593356e-010            
8.6043715e-006  -1.4274667e-009            
8.6243817e-006  -4.8406961e-009            
8.6443919e-006  -2.5167194e-009            
8.664402e-006  9.9285773e-010            
8.6844122e-006  -3.899685e-009            
8.7044224e-006  -2.2051226e-008            
8.7244325e-006  -4.076617e-008            
8.7444427e-006  -6.6938458e-008            
8.7644529e-006  -8.4753357e-008            
8.784463e-006  -8.8470871e-008            
8.8044732e-006  -8.1087275e-008            
8.8244834e-006  -6.4539596e-008            
8.8444935e-006  -4.8993205e-008            
8.8645037e-006  -3.6962692e-008            
8.8845139e-006  -2.7497e-008            
8.904524e-006  -1.9518313e-008            
8.9245342e-006  -1.2466107e-008            
8.9445444e-006  -5.8753857e-009            
8.9645545e-006  -1.791741e-009            
8.9845647e-006  -4.1991827e-009            
9.0045749e-006  -8.0295331e-009            
9.024585e-006  -6.1316545e-009            
9.0445952e-006  -2.2493932e-009            
9.0646054e-006  -3.9934096e-009            
9.0846155e-006  -1.9929072e-008            
9.1046257e-006  -3.8700937e-008            
9.1246359e-006  -6.2256172e-008            
9.144646e-006  -8.3953345e-008            
9.1646562e-006  -8.9550605e-008            
9.1846664e-006  -8.7469113e-008            
9.2046765e-006  -7.3183201e-008            
9.2246867e-006  -5.5085245e-008            
9.2446969e-006  -4.0094446e-008            
9.264707e-006  -2.875631e-008            
9.2847172e-006  -2.019905e-008            
9.3047274e-006  -1.2748083e-008            
9.3247375e-006  -6.0983164e-009            
9.3447477e-006  -2.0438835e-009            
9.3647579e-006  -3.364931e-009            
9.384768e-006  -6.8420267e-009            
9.4047782e-006  -7.7051894e-009            
9.4247884e-006  -6.0780939e-009            
9.4447985e-006  -3.2199863e-009            
9.4648087e-006  -4.782815e-009            
9.4848189e-006  -1.8890258e-008            
9.504829e-006  -3.9943649e-008            
9.5248392e-006  -6.243592e-008            
9.5448494e-006  -8.2624905e-008            
9.5648595e-006  -8.6007438e-008            
9.5848697e-006  -7.6099557e-008            
9.6048799e-006  -5.9223984e-008            
9.62489e-006  -4.222823e-008            
9.6449002e-006  -2.9215915e-008            
9.6649104e-006  -1.9275008e-008            
9.6849205e-006  -1.163592e-008            
9.7049307e-006  -5.0701817e-009            
9.7249409e-006  1.7219195e-010            
9.744951e-006  3.96131e-011            
9.7649612e-006  -6.1402466e-009            
9.7849714e-006  -9.2756795e-009            
9.8049815e-006  -6.8969207e-009            
9.8249917e-006  -2.457136e-009            
9.8450019e-006  -1.8990866e-009            
9.865012e-006  -1.7864622e-008            
9.8850222e-006  -3.6833506e-008            
9.9050324e-006  -6.0188643e-008            
9.9250425e-006  -8.1671643e-008            
9.9450527e-006  -8.3993581e-008            
9.9650629e-006  -6.8622948e-008            
9.985073e-006  -4.9351142e-008            
1.0005083e-005  -3.3781023e-008            
1.0025093e-005  -2.2714903e-008            
1.0045104e-005  -1.4730331e-008            
1.0065114e-005  -8.6357657e-009            
1.0085124e-005  -3.2515431e-009            
1.0105134e-005  1.9947193e-010            
1.0125144e-005  -2.3591247e-009            
1.0145154e-005  -9.1988555e-009            
1.0165165e-005  -9.5099746e-009            
1.0185175e-005  -6.2239581e-009            
1.0205185e-005  -2.1316924e-009            
1.0225195e-005  -3.719843e-009            
1.0245205e-005  -1.7771738e-008            
1.0265215e-005  -3.5844016e-008            
1.0285226e-005  -5.8612539e-008            
1.0305236e-005  -8.2289973e-008            
1.0325246e-005  -8.9245921e-008            
1.0345256e-005  -8.6912593e-008            
1.0365266e-005  -7.1001003e-008            
1.0385276e-005  -5.209343e-008            
1.0405287e-005  -3.6988763e-008            
1.0425297e-005  -2.6258421e-008            
1.0445307e-005  -1.8481479e-008            
1.0465317e-005  -1.2925562e-008            
1.0485327e-005  -7.5305089e-009            
1.0505337e-005  -3.9474296e-009            
1.0525348e-005  -5.3174942e-009            
1.0545358e-005  -6.6279665e-009            
1.0565368e-005  -3.2433329e-009            
1.0585378e-005  6.9196075e-010            
1.0605388e-005  -2.3699154e-009            
1.0625398e-005  -2.1004567e-008            
1.0645409e-005  -3.9286687e-008            
1.0665419e-005  -6.8017923e-008            
1.0685429e-005  -8.5463049e-008            
1.0705439e-005  -9.0301414e-008            
1.0725449e-005  -8.9851503e-008            
1.0745459e-005  -7.8188726e-008            
1.076547e-005  -5.9643464e-008            
1.078548e-005  -4.3171491e-008            
1.080549e-005  -3.1077941e-008            
1.08255e-005  -2.2302756e-008            
1.084551e-005  -1.5243039e-008            
1.086552e-005  -8.5318587e-009            
1.0885531e-005  -3.1771923e-009            
1.0905541e-005  -2.678667e-009            
1.0925551e-005  -3.9779938e-009            
1.0945561e-005  -1.6601401e-009            
1.0965571e-005  6.2489697e-010            
1.0985581e-005  -4.6661391e-009            
1.1005592e-005  -1.8387779e-008            
1.1025602e-005  -3.7220009e-008            
1.1045612e-005  -5.7833256e-008            
1.1065622e-005  -8.0346938e-008            
1.1085632e-005  -8.8655667e-008            
1.1105642e-005  -8.5443859e-008            
1.1125653e-005  -7.0057438e-008            
1.1145663e-005  -5.2603575e-008            
1.1165673e-005  -3.8976109e-008            
1.1185683e-005  -2.8893516e-008            
1.1205693e-005  -2.1253752e-008            
1.1225703e-005  -1.4532154e-008            
1.1245714e-005  -8.6309357e-009            
1.1265724e-005  -4.4834142e-009            
1.1285734e-005  -4.6090599e-009            
1.1305744e-005  -8.9565979e-009            
1.1325754e-005  -1.0424952e-008            
1.1345764e-005  -8.5430955e-009            
1.1365775e-005  -5.0985181e-009            
1.1385785e-005  -4.3070754e-009            
1.1405795e-005  -1.3226492e-008            
1.1425805e-005  -2.9778776e-008            
1.1445815e-005  -4.9136995e-008            
1.1465825e-005  -7.4606039e-008            
1.1485835e-005  -8.1751212e-008            
1.1505846e-005  -6.6931026e-008            
1.1525856e-005  -4.8822144e-008            
1.1545866e-005  -3.3898529e-008            
1.1565876e-005  -2.3095352e-008            
1.1585886e-005  -1.5285667e-008            
1.1605896e-005  -9.6579785e-009            
1.1625907e-005  -4.7349422e-009            
1.1645917e-005  -1.2256049e-009            
1.1665927e-005  -2.1237089e-009            
1.1685937e-005  -7.2603036e-009            
1.1705947e-005  -7.9506131e-009            
1.1725957e-005  -4.6906641e-009            
1.1745968e-005  -6.0848336e-010            
1.1765978e-005  -1.8532573e-009            
1.1785988e-005  -1.458463e-008            
1.1805998e-005  -3.2763172e-008            
1.1826008e-005  -5.7264755e-008            
1.1846018e-005  -8.0495597e-008            
1.1866029e-005  -8.5820227e-008            
1.1886039e-005  -7.4144243e-008            
1.1906049e-005  -5.5322122e-008            
1.1926059e-005  -3.8693407e-008            
1.1946069e-005  -2.625754e-008            
1.1966079e-005  -1.7163282e-008            
1.198609e-005  -1.0176995e-008            
1.20061e-005  -4.1832311e-009            
1.202611e-005  5.5559483e-010            
1.204612e-005  4.467827e-010            
1.206613e-005  -6.3543784e-009            
1.208614e-005  -9.4838e-009            
1.2106151e-005  -7.1959839e-009            
1.2126161e-005  -2.5915362e-009            
1.2146171e-005  -1.4790286e-009            
1.2166181e-005  -1.209228e-008            
1.2186191e-005  -3.1366775e-008            
1.2206201e-005  -5.4283084e-008            
1.2226212e-005  -7.805524e-008            
1.2246222e-005  -8.7896859e-008            
1.2266232e-005  -8.6550701e-008            
1.2286242e-005  -7.3476864e-008            
1.2306252e-005  -5.696795e-008            
1.2326262e-005  -4.2887087e-008            
1.2346273e-005  -3.1739447e-008            
1.2366283e-005  -2.3054723e-008            
1.2386293e-005  -1.582818e-008            
1.2406303e-005  -9.4673207e-009            
1.2426313e-005  -3.5478219e-009            
1.2446323e-005  -1.7376977e-009            
1.2466334e-005  -5.6902798e-009            
1.2486344e-005  -5.9679005e-009            
1.2506354e-005  -2.3833987e-009            
1.2526364e-005  -3.1044667e-009            
1.2546374e-005  -1.5268312e-008            
1.2566384e-005  -3.2205916e-008            
1.2586395e-005  -5.1613951e-008            
1.2606405e-005  -7.5247072e-008            
1.2626415e-005  -8.720621e-008            
1.2646425e-005  -8.8238622e-008            
1.2666435e-005  -7.8316591e-008            
1.2686445e-005  -6.1304364e-008            
1.2706456e-005  -4.5054215e-008            
1.2726466e-005  -3.250292e-008            
1.2746476e-005  -2.338925e-008            
1.2766486e-005  -1.6055396e-008            
1.2786496e-005  -9.5028639e-009            
1.2806506e-005  -3.847748e-009            
1.2826517e-005  -1.2947297e-009            
1.2846527e-005  -2.8365589e-009            
1.2866537e-005  -3.525486e-009            
1.2886547e-005  -2.024532e-010            
1.2906557e-005  2.1546947e-010            
1.2926567e-005  -1.3134884e-008            
1.2946578e-005  -3.4360221e-008            
1.2966588e-005  -5.968272e-008            
1.2986598e-005  -8.1188071e-008            
1.3006608e-005  -8.8716985e-008            
1.3026618e-005  -8.7055413e-008            
1.3046628e-005  -7.4148791e-008            
1.3066639e-005  -5.5698805e-008            
1.3086649e-005  -4.0392033e-008            
1.3106659e-005  -2.9494566e-008            
1.3126669e-005  -2.1906846e-008            
1.3146679e-005  -1.578416e-008            
1.3166689e-005  -9.9547465e-009            
1.31867e-005  -4.8816051e-009            
1.320671e-005  -3.1006703e-009            
1.322672e-005  -5.7512468e-009            
1.324673e-005  -8.6182216e-009            
1.326674e-005  -7.8644955e-009            
1.328675e-005  -5.3850544e-009            
1.3306761e-005  -4.0561615e-009            
1.3326771e-005  -1.0124214e-008            
1.3346781e-005  -2.647202e-008            
1.3366791e-005  -4.5739236e-008            
1.3386801e-005  -6.9898551e-008            
1.3406811e-005  -8.5191359e-008            
1.3426822e-005  -8.4880763e-008            
1.3446832e-005  -7.1971556e-008            
1.3466842e-005  -5.4296934e-008            
1.3486852e-005  -3.9308386e-008            
1.3506862e-005  -2.7752543e-008            
1.3526872e-005  -1.9032653e-008            
1.3546883e-005  -1.214578e-008            
1.3566893e-005  -6.7353879e-009            
1.3586903e-005  -3.8888822e-009            
1.3606913e-005  -5.7961822e-009            
1.3626923e-005  -9.5586237e-009            
1.3646933e-005  -9.7567751e-009            
1.3666944e-005  -6.6278847e-009            
1.3686954e-005  -3.5993434e-009            
1.3706964e-005  -6.5725549e-009            
1.3726974e-005  -2.1538581e-008            
1.3746984e-005  -4.1235559e-008            
1.3766994e-005  -6.4107507e-008            
1.3787005e-005  -8.0398473e-008            
1.3807015e-005  -7.6026089e-008            
1.3827025e-005  -6.1576837e-008            
1.3847035e-005  -4.8003955e-008            
1.3867045e-005  -3.6643055e-008            
1.3887055e-005  -2.7125147e-008            
1.3907066e-005  -1.8879879e-008            
1.3927076e-005  -1.1330102e-008            
1.3947086e-005  -5.1638e-009            
1.3967096e-005  -2.8190593e-009            
1.3987106e-005  -6.3135927e-009            
1.4007116e-005  -1.024668e-008            
1.4027127e-005  -8.9140345e-009            
1.4047137e-005  -4.6725243e-009            
1.4067147e-005  -1.4791027e-009            
1.4087157e-005  -6.9322341e-009            
1.4107167e-005  -2.2623843e-008            
1.4127177e-005  -4.5157229e-008            
1.4147188e-005  -6.8855214e-008            
1.4167198e-005  -8.6104895e-008            
1.4187208e-005  -8.9770348e-008            
1.4207218e-005  -8.4880317e-008            
1.4227228e-005  -7.0387871e-008            
1.4247238e-005  -5.3602908e-008            
1.4267249e-005  -4.0016311e-008            
1.4287259e-005  -2.9650775e-008            
1.4307269e-005  -2.1531957e-008            
1.4327279e-005  -1.4157744e-008            
1.4347289e-005  -7.7122994e-009            
1.4367299e-005  -4.0409164e-009            
1.438731e-005  -4.6722238e-009            
1.440732e-005  -5.9243208e-009            
1.442733e-005  -3.195097e-009            
1.444734e-005  -4.3525162e-010            
1.446735e-005  -5.4112987e-009            
1.448736e-005  -2.1189708e-008            
1.4507371e-005  -4.309051e-008            
1.4527381e-005  -6.6169199e-008            
1.4547391e-005  -8.5076811e-008            
1.4567401e-005  -8.8958359e-008            
1.4587411e-005  -8.2612602e-008            
1.4607421e-005  -6.5859392e-008            
1.4627432e-005  -4.8817588e-008            
1.4647442e-005  -3.5696887e-008            
1.4667452e-005  -2.5965078e-008            
1.4687462e-005  -1.8481488e-008            
1.4707472e-005  -1.1615711e-008            
1.4727482e-005  -5.1871572e-009            
1.4747493e-005  -2.1116016e-009            
1.4767503e-005  -4.4045321e-009            
1.4787513e-005  -7.3740646e-009            
1.4807523e-005  -5.0487274e-009            
1.4827533e-005  -2.9405794e-009            
1.4847543e-005  -8.0128316e-009            
1.4867554e-005  -2.4037624e-008            
1.4887564e-005  -4.3256307e-008            
1.4907574e-005  -6.7665113e-008            
1.4927584e-005  -8.5909713e-008            
1.4947594e-005  -8.8331379e-008            
1.4967604e-005  -7.9547753e-008            
1.4987615e-005  -6.2882735e-008            
1.5007625e-005  -4.7021913e-008            
1.5027635e-005  -3.411834e-008            
1.5047645e-005  -2.4566225e-008            
1.5067655e-005  -1.7102363e-008            
1.5087665e-005  -1.0511396e-008            
1.5107676e-005  -4.2256306e-009            
1.5127686e-005  -3.8185213e-010            
1.5147696e-005  -2.1323677e-009            
1.5167706e-005  -8.5103829e-009            
1.5187716e-005  -9.6261436e-009            
1.5207726e-005  -6.3787837e-009            
1.5227737e-005  -3.2561641e-009            
1.5247747e-005  -7.7565842e-009            
1.5267757e-005  -2.5063117e-008            
1.5287767e-005  -4.5453289e-008            
1.5307777e-005  -6.9380026e-008            
1.5327787e-005  -8.4912336e-008            
1.5347798e-005  -8.0942457e-008            
1.5367808e-005  -6.4060121e-008            
1.5387818e-005  -4.7171538e-008            
1.5407828e-005  -3.3869243e-008            
1.5427838e-005  -2.3992385e-008            
1.5447848e-005  -1.627264e-008            
1.5467859e-005  -9.8535599e-009            
1.5487869e-005  -3.7475419e-009            
1.5507879e-005  -1.7376008e-009            
1.5527889e-005  -6.9688711e-009            
1.5547899e-005  -1.3310164e-008            
1.5567909e-005  -1.147881e-008            
1.558792e-005  -6.5213787e-009            
1.560793e-005  -1.6768291e-009            
1.562794e-005  -2.6548262e-009            
1.564795e-005  -1.676083e-008            
1.566796e-005  -3.7976364e-008            
1.568797e-005  -6.1016825e-008            
1.5707981e-005  -8.2648803e-008            
1.5727991e-005  -8.3289897e-008            
1.5748001e-005  -6.9834243e-008            
1.5768011e-005  -5.4022653e-008            
1.5788021e-005  -4.0614964e-008            
1.5808031e-005  -3.006088e-008            
1.5828042e-005  -2.1544335e-008            
1.5848052e-005  -1.4121136e-008            
1.5868062e-005  -7.6380898e-009            
1.5888072e-005  -4.047109e-009            
1.5908082e-005  -5.7487283e-009            
1.5928092e-005  -8.636719e-009            
1.5948103e-005  -7.840179e-009            
1.5968113e-005  -4.4261744e-009            
1.5988123e-005  -1.8899833e-009            
1.6008133e-005  -7.0606431e-009            
1.6028143e-005  -2.3294386e-008            
1.6048153e-005  -4.271853e-008            
1.6068164e-005  -6.6703661e-008            
1.6088174e-005  -8.4803263e-008            
1.6108184e-005  -8.9352731e-008            
1.6128194e-005  -8.3238171e-008            
1.6148204e-005  -6.4835228e-008            
1.6168214e-005  -4.6127854e-008            
1.6188225e-005  -3.1645107e-008            
1.6208235e-005  -2.1443942e-008            
1.6228245e-005  -1.3560939e-008            
1.6248255e-005  -7.7005832e-009            
1.6268265e-005  -3.6363756e-009            
1.6288275e-005  -2.0097887e-009            
1.6308286e-005  -4.1492169e-009            
1.6328296e-005  -6.4596739e-009            
1.6348306e-005  -4.4348609e-009            
1.6368316e-005  -1.5200526e-009            
1.6388326e-005  -6.0351477e-009            
1.6408336e-005  -2.1901796e-008            
1.6428347e-005  -4.1731941e-008            
1.6448357e-005  -6.4261805e-008            
1.6468367e-005  -8.1142477e-008            
1.6488377e-005  -7.507205e-008            
1.6508387e-005  -5.9329913e-008            
1.6528397e-005  -4.425066e-008            
1.6548408e-005  -3.1630872e-008            
1.6568418e-005  -2.1971839e-008            
1.6588428e-005  -1.4291692e-008            
1.6608438e-005  -7.810386e-009            
1.6628448e-005  -1.9351423e-009            
1.6648458e-005  1.6246702e-009            
1.6668469e-005  3.3239744e-010            
1.6688479e-005  -4.3213583e-009            
1.6708489e-005  -5.2018441e-009            
1.6728499e-005  -4.6299117e-009            
1.6748509e-005  -4.6674794e-009            
1.6768519e-005  -4.247684e-009            
1.678853e-005  -3.7816363e-009            
1.680854e-005  -4.2053665e-009            
1.682855e-005  -3.3777566e-009            
1.684856e-005  -2.3792451e-009            
1.686857e-005  -1.982613e-009            
1.688858e-005  -1.824291e-009            
1.6908591e-005  -2.2439709e-009            
1.6928601e-005  -2.6753747e-009            
1.6948611e-005  -2.9475161e-009            
1.6968621e-005  -2.7122742e-009            
1.6988631e-005  -1.6172607e-009            
1.7008641e-005  -8.7848575e-010            
1.7028652e-005  -1.2060818e-009            
1.7048662e-005  -1.963642e-009            
1.7068672e-005  -1.1862857e-009            
1.7088682e-005  -1.0317843e-009            
1.7108692e-005  -1.7457385e-009            
1.7128702e-005  -2.3141556e-009            
1.7148713e-005  -2.549284e-009            
1.7168723e-005  -2.8000168e-009            
1.7188733e-005  -3.6104073e-009            
1.7208743e-005  -4.6098689e-009            
1.7228753e-005  -3.3612871e-009            
1.7248763e-005  -2.0374825e-009            
1.7268774e-005  -2.9440504e-009            
1.7288784e-005  -3.8730244e-009            
1.7308794e-005  -3.7234163e-009            
1.7328804e-005  -2.4683341e-009            
1.7348814e-005  -1.2541024e-009            
1.7368824e-005  -1.4737031e-009            
1.7388835e-005  -1.9715147e-009            
1.7408845e-005  -1.8406326e-009            
1.7428855e-005  -1.7826507e-009            
1.7448865e-005  -2.9833253e-009            
1.7468875e-005  -3.8717632e-009            
1.7488885e-005  -3.5479274e-009            
1.7508896e-005  -2.8867204e-009            
1.7528906e-005  -2.6465472e-009            
1.7548916e-005  -3.3265937e-009            
1.7568926e-005  -3.5407618e-009            
