Profile 1             
0  1.0127961e-008            
1.9993891e-008  1.4491997e-008            
3.9987782e-008  1.5889032e-008            
5.9981674e-008  1.5268304e-008            
7.9975565e-008  1.2487475e-008            
9.9969456e-008  7.7866056e-009            
1.1996335e-007  4.0631039e-010            
1.3995724e-007  -9.9021332e-009            
1.5995113e-007  -1.7614499e-008            
1.7994502e-007  -2.0060148e-008            
1.9993891e-007  -1.8939983e-008            
2.199328e-007  -1.5358094e-008            
2.3992669e-007  -1.11348e-008            
2.5992059e-007  -8.1426536e-009            
2.7991448e-007  -7.1380792e-009            
2.9990837e-007  -7.7713104e-009            
3.1990226e-007  -9.9790561e-009            
3.3989615e-007  -1.3521527e-008            
3.5989004e-007  -1.7172828e-008            
3.7988393e-007  -1.9555012e-008            
3.9987782e-007  -1.8759682e-008            
4.1987172e-007  -1.4459226e-008            
4.3986561e-007  -9.1638587e-009            
4.598595e-007  -5.7983483e-009            
4.7985339e-007  -5.0618389e-009            
4.9984728e-007  -6.2201841e-009            
5.1984117e-007  -9.3295698e-009            
5.3983506e-007  -1.4029431e-008            
5.5982895e-007  -1.8469024e-008            
5.7982284e-007  -2.1072463e-008            
5.9981674e-007  -2.001704e-008            
6.1981063e-007  -1.5599894e-008            
6.3980452e-007  -1.0343013e-008            
6.5979841e-007  -6.7372643e-009            
6.797923e-007  -5.7447147e-009            
6.9978619e-007  -6.5974369e-009            
7.1978008e-007  -9.1485182e-009            
7.3977397e-007  -1.3555971e-008            
7.5976787e-007  -1.8605104e-008            
7.7976176e-007  -2.1998181e-008            
7.9975565e-007  -2.0794393e-008            
8.1974954e-007  -1.5672199e-008            
8.3974343e-007  -1.0314042e-008            
8.5973732e-007  -7.5229553e-009            
8.7973121e-007  -6.9145509e-009            
8.997251e-007  -7.5233097e-009            
9.19719e-007  -1.037145e-008            
9.3971289e-007  -1.4911925e-008            
9.5970678e-007  -1.9006989e-008            
9.7970067e-007  -2.1281627e-008            
9.9969456e-007  -2.0175493e-008            
1.0196885e-006  -1.6195462e-008            
1.0396823e-006  -1.1710207e-008            
1.0596762e-006  -9.3977134e-009            
1.0796701e-006  -9.3603141e-009            
1.099664e-006  -1.0612713e-008            
1.1196579e-006  -1.3096167e-008            
1.1396518e-006  -1.654938e-008            
1.1596457e-006  -2.0338989e-008            
1.1796396e-006  -2.218466e-008            
1.1996335e-006  -2.0169273e-008            
1.2196274e-006  -1.5696609e-008            
1.2396213e-006  -1.156356e-008            
1.2596151e-006  -9.4066912e-009            
1.279609e-006  -9.325277e-009            
1.2996029e-006  -1.10561e-008            
1.3195968e-006  -1.465524e-008            
1.3395907e-006  -1.9270725e-008            
1.3595846e-006  -2.3243857e-008            
1.3795785e-006  -2.4601615e-008            
1.3995724e-006  -2.1647556e-008            
1.4195663e-006  -1.723682e-008            
1.4395602e-006  -1.4411025e-008            
1.4595541e-006  -1.3245013e-008            
1.4795479e-006  -1.3229794e-008            
1.4995418e-006  -1.3997839e-008            
1.5195357e-006  -1.5723866e-008            
1.5395296e-006  -1.9184862e-008            
1.5595235e-006  -2.337968e-008            
1.5795174e-006  -2.4439838e-008            
1.5995113e-006  -2.1372362e-008            
1.6195052e-006  -1.6932524e-008            
1.6394991e-006  -1.3779651e-008            
1.659493e-006  -1.2801916e-008            
1.6794869e-006  -1.3270896e-008            
1.6994808e-006  -1.4663811e-008            
1.7194746e-006  -1.7506836e-008            
1.7394685e-006  -2.13188e-008            
1.7594624e-006  -2.3985528e-008            
1.7794563e-006  -2.4762195e-008            
1.7994502e-006  -2.2417861e-008            
1.8194441e-006  -1.7410073e-008            
1.839438e-006  -1.3365689e-008            
1.8594319e-006  -1.1801125e-008            
1.8794258e-006  -1.2408074e-008            
1.8994197e-006  -1.4632289e-008            
1.9194136e-006  -1.7858692e-008            
1.9394074e-006  -2.1276763e-008            
1.9594013e-006  -2.4751572e-008            
1.9793952e-006  -2.5943284e-008            
1.9993891e-006  -2.2607713e-008            
2.019383e-006  -1.5072704e-008            
2.0393769e-006  -3.5244663e-009            
2.0593708e-006  6.0562458e-009            
2.0793647e-006  1.051125e-008            
2.0993586e-006  1.2145031e-008            
2.1193525e-006  1.2025098e-008            
2.1393464e-006  1.1018786e-008            
2.1593403e-006  8.932481e-009            
2.1793341e-006  5.7092478e-009            
2.199328e-006  2.7842834e-009            
