Profile 1             
0  1.3474472e-009            
1.0000983e-008  1.4571092e-009            
2.0001965e-008  1.4631979e-009            
3.0002948e-008  1.077371e-009            
4.000393e-008  7.087844e-010            
5.0004913e-008  6.7320229e-011            
6.0005895e-008  -1.1718882e-009            
7.0006878e-008  -3.4922866e-009            
8.0007861e-008  -5.8712326e-009            
9.0008843e-008  -8.7160278e-009            
1.0000983e-007  -1.1942845e-008            
1.1001081e-007  -1.5567512e-008            
1.2001179e-007  -1.9734574e-008            
1.3001277e-007  -2.4325368e-008            
1.4001376e-007  -2.852182e-008            
1.5001474e-007  -3.2087437e-008            
1.6001572e-007  -3.4885531e-008            
1.700167e-007  -3.7904465e-008            
1.8001769e-007  -4.0408799e-008            
1.9001867e-007  -4.0859302e-008            
2.0001965e-007  -3.6420147e-008            
2.1002063e-007  -3.0800848e-008            
2.2002162e-007  -2.5566729e-008            
2.300226e-007  -2.1670513e-008            
2.4002358e-007  -1.9837939e-008            
2.5002456e-007  -1.8643769e-008            
2.6002555e-007  -1.8387605e-008            
2.7002653e-007  -1.8323589e-008            
2.8002751e-007  -1.891249e-008            
2.9002849e-007  -1.9769352e-008            
3.0002948e-007  -2.0833008e-008            
3.1003046e-007  -2.2324144e-008            
3.2003144e-007  -2.3825123e-008            
3.3003242e-007  -2.5940233e-008            
3.4003341e-007  -2.8168393e-008            
3.5003439e-007  -3.1156437e-008            
3.6003537e-007  -3.4633629e-008            
3.7003636e-007  -3.7784408e-008            
3.8003734e-007  -3.8858089e-008            
3.9003832e-007  -3.6304978e-008            
4.000393e-007  -3.1611399e-008            
4.1004029e-007  -2.7358113e-008            
4.2004127e-007  -2.3619641e-008            
4.3004225e-007  -2.0814742e-008            
4.4004323e-007  -1.9140642e-008            
4.5004422e-007  -1.808029e-008            
4.600452e-007  -1.7683552e-008            
4.7004618e-007  -1.7800961e-008            
4.8004716e-007  -1.8127818e-008            
4.9004815e-007  -1.8729413e-008            
5.0004913e-007  -1.9503301e-008            
5.1005011e-007  -2.1127615e-008            
5.2005109e-007  -2.293428e-008            
5.3005208e-007  -2.5424597e-008            
5.4005306e-007  -2.8594356e-008            
5.5005404e-007  -3.2455006e-008            
5.6005502e-007  -3.6287961e-008            
5.7005601e-007  -3.9108221e-008            
5.8005699e-007  -4.0374649e-008            
5.9005797e-007  -3.9371671e-008            
6.0005895e-007  -3.5984256e-008            
6.1005994e-007  -3.1265806e-008            
6.2006092e-007  -2.5150339e-008            
6.300619e-007  -2.0481251e-008            
6.4006288e-007  -1.8206208e-008            
6.5006387e-007  -1.7243978e-008            
6.6006485e-007  -1.6769708e-008            
6.7006583e-007  -1.6660504e-008            
6.8006681e-007  -1.6880544e-008            
6.900678e-007  -1.8053238e-008            
7.0006878e-007  -1.9079458e-008            
7.1006976e-007  -2.048159e-008            
7.2007075e-007  -2.267374e-008            
7.3007173e-007  -2.4551356e-008            
7.4007271e-007  -2.7471351e-008            
7.5007369e-007  -3.0645574e-008            
7.6007468e-007  -3.4266087e-008            
7.7007566e-007  -3.8678907e-008            
7.8007664e-007  -4.2169453e-008            
7.9007762e-007  -4.1617706e-008            
8.0007861e-007  -3.6115511e-008            
8.1007959e-007  -3.0628467e-008            
8.2008057e-007  -2.5382997e-008            
8.3008155e-007  -2.1510581e-008            
8.4008254e-007  -1.9011768e-008            
8.5008352e-007  -1.769377e-008            
8.600845e-007  -1.718133e-008            
8.7008548e-007  -1.7261762e-008            
8.8008647e-007  -1.7509385e-008            
8.9008745e-007  -1.8195902e-008            
9.0008843e-007  -1.9121819e-008            
9.1008941e-007  -2.0835578e-008            
9.200904e-007  -2.3045071e-008            
9.3009138e-007  -2.6185776e-008            
9.4009236e-007  -2.9637212e-008            
9.5009334e-007  -3.3096695e-008            
9.6009433e-007  -3.6200966e-008            
9.7009531e-007  -3.9139302e-008            
9.8009629e-007  -4.0449868e-008            
9.9009727e-007  -3.7861695e-008            
1.0000983e-006  -3.3315657e-008            
1.0100992e-006  -2.9293989e-008            
1.0201002e-006  -2.4861073e-008            
1.0301012e-006  -2.0790013e-008            
1.0401022e-006  -1.818903e-008            
1.0501032e-006  -1.6957913e-008            
1.0601042e-006  -1.6728263e-008            
1.0701051e-006  -1.6648001e-008            
1.0801061e-006  -1.6973232e-008            
1.0901071e-006  -1.7390991e-008            
1.1001081e-006  -1.8356967e-008            
1.1101091e-006  -1.9881675e-008            
1.12011e-006  -2.2043979e-008            
1.130111e-006  -2.4640121e-008            
1.140112e-006  -2.7461003e-008            
1.150113e-006  -3.1214423e-008            
1.160114e-006  -3.5313542e-008            
1.170115e-006  -3.9164407e-008            
1.1801159e-006  -4.0540072e-008            
1.1901169e-006  -3.8443806e-008            
1.2001179e-006  -3.4698985e-008            
1.2101189e-006  -3.0284345e-008            
1.2201199e-006  -2.5766283e-008            
1.2301209e-006  -2.1966347e-008            
1.2401218e-006  -1.9337191e-008            
1.2501228e-006  -1.7856624e-008            
1.2601238e-006  -1.7110075e-008            
1.2701248e-006  -1.7288419e-008            
1.2801258e-006  -1.7546028e-008            
1.2901268e-006  -1.8286846e-008            
1.3001277e-006  -1.9131773e-008            
1.3101287e-006  -2.0419634e-008            
1.3201297e-006  -2.2573442e-008            
1.3301307e-006  -2.4934146e-008            
1.3401317e-006  -2.7872742e-008            
1.3501326e-006  -3.0900691e-008            
1.3601336e-006  -3.4962966e-008            
1.3701346e-006  -3.8581978e-008            
1.3801356e-006  -4.0625459e-008            
1.3901366e-006  -3.8624316e-008            
1.4001376e-006  -3.473469e-008            
1.4101385e-006  -3.0411439e-008            
1.4201395e-006  -2.6386282e-008            
1.4301405e-006  -2.3334454e-008            
1.4401415e-006  -2.1494775e-008            
1.4501425e-006  -2.0326825e-008            
1.4601435e-006  -1.9759888e-008            
1.4701444e-006  -1.9919676e-008            
1.4801454e-006  -2.0193907e-008            
1.4901464e-006  -2.0783777e-008            
1.5001474e-006  -2.2023658e-008            
1.5101484e-006  -2.3831934e-008            
1.5201494e-006  -2.6275878e-008            
1.5301503e-006  -2.9041969e-008            
1.5401513e-006  -3.2089613e-008            
1.5501523e-006  -3.5672929e-008            
1.5601533e-006  -3.8307889e-008            
1.5701543e-006  -4.021167e-008            
1.5801552e-006  -3.9510539e-008            
1.5901562e-006  -3.6711171e-008            
1.6001572e-006  -3.3670882e-008            
1.6101582e-006  -2.9549553e-008            
1.6201592e-006  -2.4904649e-008            
1.6301602e-006  -2.1316347e-008            
1.6401611e-006  -1.955136e-008            
1.6501621e-006  -1.8874362e-008            
1.6601631e-006  -1.8664645e-008            
1.6701641e-006  -1.8496872e-008            
1.6801651e-006  -1.8800691e-008            
1.6901661e-006  -1.9357357e-008            
1.700167e-006  -2.0292284e-008            
1.710168e-006  -2.2020748e-008            
1.720169e-006  -2.4251237e-008            
1.73017e-006  -2.7211552e-008            
1.740171e-006  -3.0548671e-008            
1.7501719e-006  -3.4128725e-008            
1.7601729e-006  -3.7365079e-008            
1.7701739e-006  -3.9759717e-008            
1.7801749e-006  -4.1049946e-008            
1.7901759e-006  -3.8620209e-008            
1.8001769e-006  -3.3652252e-008            
1.8101778e-006  -2.8943755e-008            
1.8201788e-006  -2.2871952e-008            
1.8301798e-006  -1.9498949e-008            
1.8401808e-006  -1.7890922e-008            
1.8501818e-006  -1.7247382e-008            
1.8601828e-006  -1.6718611e-008            
1.8701837e-006  -1.6711927e-008            
1.8801847e-006  -1.7084101e-008            
1.8901857e-006  -1.770392e-008            
1.9001867e-006  -1.9194461e-008            
1.9101877e-006  -2.1098026e-008            
1.9201887e-006  -2.3416184e-008            
1.9301896e-006  -2.645758e-008            
1.9401906e-006  -2.9943958e-008            
1.9501916e-006  -3.4164621e-008            
1.9601926e-006  -3.86836e-008            
1.9701936e-006  -4.2585391e-008            
1.9801945e-006  -4.4608816e-008            
1.9901955e-006  -4.3304091e-008            
2.0001965e-006  -3.8374244e-008            
2.0101975e-006  -3.4771495e-008            
2.0201985e-006  -3.1311085e-008            
2.0301995e-006  -2.5174584e-008            
2.0402004e-006  -1.7740151e-008            
2.0502014e-006  -1.1357186e-008            
2.0602024e-006  -7.3574326e-009            
2.0702034e-006  -3.4794715e-009            
2.0802044e-006  -8.1631756e-010            
2.0902054e-006  5.330619e-010            
2.1002063e-006  6.2330683e-010            
2.1102073e-006  6.7503316e-010            
2.1202083e-006  7.4649764e-010            
2.1302093e-006  5.1985792e-010            
2.1402103e-006  4.4054157e-010            
