Profile 1             
0  -5.8985051e-009            
2.0019639e-008  -7.229031e-009            
4.0039278e-008  -6.3463357e-009            
6.0058916e-008  -7.2665488e-010            
8.0078555e-008  6.4577511e-009            
1.0009819e-007  9.5334472e-009            
1.2011783e-007  7.4427918e-009            
1.4013747e-007  2.3535256e-009            
1.6015711e-007  -1.482189e-009            
1.8017675e-007  -3.2291266e-009            
2.0019639e-007  -6.0676368e-009            
2.2021603e-007  -1.044943e-008            
2.4023567e-007  -1.6157697e-008            
2.602553e-007  -1.9820936e-008            
2.8027494e-007  -2.139824e-008            
3.0029458e-007  -2.257541e-008            
3.2031422e-007  -2.2255705e-008            
3.4033386e-007  -2.0581299e-008            
3.603535e-007  -1.8396902e-008            
3.8037314e-007  -1.6731736e-008            
4.0039278e-007  -1.5060453e-008            
4.2041241e-007  -1.2650451e-008            
4.4043205e-007  -7.2785882e-009            
4.6045169e-007  -1.5454756e-010            
4.8047133e-007  3.3973924e-009            
5.0049097e-007  2.987534e-009            
5.2051061e-007  -4.4268061e-010            
5.4053025e-007  -5.3956886e-009            
5.6054989e-007  -9.3729218e-009            
5.8056952e-007  -1.2177834e-008            
6.0058916e-007  -1.5310232e-008            
6.206088e-007  -1.7318437e-008            
6.4062844e-007  -1.8442957e-008            
6.6064808e-007  -2.0607953e-008            
6.8066772e-007  -2.2135716e-008            
7.0068736e-007  -2.2633869e-008            
7.20707e-007  -2.1644787e-008            
7.4072663e-007  -1.9887201e-008            
7.6074627e-007  -1.7382829e-008            
7.8076591e-007  -1.5623639e-008            
8.0078555e-007  -1.4527262e-008            
8.2080519e-007  -1.1869363e-008            
8.4082483e-007  -6.274097e-009            
8.6084447e-007  4.8218716e-010            
8.8086411e-007  2.6757661e-009            
9.0088374e-007  9.1899158e-010            
9.2090338e-007  -3.9487447e-009            
9.4092302e-007  -8.59775e-009            
9.6094266e-007  -1.0559712e-008            
9.809623e-007  -1.3220419e-008            
1.0009819e-006  -1.6193355e-008            
1.0210016e-006  -1.8541924e-008            
1.0410212e-006  -2.0403895e-008            
1.0610409e-006  -2.2431617e-008            
1.0810605e-006  -2.3565547e-008            
1.1010801e-006  -2.4396706e-008            
1.1210998e-006  -2.4470125e-008            
1.1411194e-006  -2.3500823e-008            
1.161139e-006  -2.1313222e-008            
1.1811587e-006  -1.9144964e-008            
1.2011783e-006  -1.755881e-008            
1.221198e-006  -1.478699e-008            
1.2412176e-006  -8.7358355e-009            
1.2612372e-006  -1.3879227e-009            
1.2812569e-006  3.3228383e-009            
1.3012765e-006  4.26957e-009            
1.3212962e-006  1.3708492e-009            
1.3413158e-006  -4.609057e-009            
1.3613354e-006  -1.1059006e-008            
1.3813551e-006  -1.3774968e-008            
1.4013747e-006  -1.64561e-008            
1.4213944e-006  -1.8515754e-008            
1.441414e-006  -2.0379525e-008            
1.4614336e-006  -2.2308243e-008            
1.4814533e-006  -2.4028932e-008            
1.5014729e-006  -2.452394e-008            
1.5214925e-006  -2.397999e-008            
1.5415122e-006  -2.2325547e-008            
1.5615318e-006  -1.9899651e-008            
1.5815515e-006  -1.7718526e-008            
1.6015711e-006  -1.6147084e-008            
1.6215907e-006  -1.5297022e-008            
1.6416104e-006  -1.2169604e-008            
1.66163e-006  -5.4962817e-009            
1.6816497e-006  9.6972103e-010            
1.7016693e-006  2.3316805e-009            
1.7216889e-006  -7.5436819e-010            
1.7417086e-006  -6.5200675e-009            
1.7617282e-006  -9.8915704e-009            
1.7817479e-006  -1.1942075e-008            
1.8017675e-006  -1.4821451e-008            
1.8217871e-006  -1.8226656e-008            
1.8418068e-006  -2.0503556e-008            
1.8618264e-006  -2.1366007e-008            
1.881846e-006  -2.1525648e-008            
1.9018657e-006  -2.2471047e-008            
1.9218853e-006  -2.305167e-008            
1.941905e-006  -2.2767605e-008            
1.9619246e-006  -2.1950809e-008            
1.9819442e-006  -1.9617287e-008            
2.0019639e-006  -1.7628426e-008            
2.0219835e-006  -1.541136e-008            
2.0420032e-006  -1.1439252e-008            
2.0620228e-006  -5.5409844e-009            
2.0820424e-006  -1.3088182e-009            
2.1020621e-006  -1.3674856e-009            
2.1220817e-006  -5.5283383e-009            
2.1421013e-006  -1.1475632e-008            
2.162121e-006  -1.32454e-008            
2.1821406e-006  -1.5135981e-008            
2.2021603e-006  -1.7421286e-008            
2.2221799e-006  -1.9826773e-008            
2.2421995e-006  -2.1755128e-008            
2.2622192e-006  -2.2641968e-008            
2.2822388e-006  -2.2982713e-008            
2.3022585e-006  -2.3056428e-008            
2.3222781e-006  -2.2587802e-008            
2.3422977e-006  -2.2451395e-008            
2.3623174e-006  -2.2866977e-008            
2.382337e-006  -2.0778485e-008            
2.4023567e-006  -1.8894788e-008            
2.4223763e-006  -1.7349995e-008            
2.4423959e-006  -1.5007558e-008            
2.4624156e-006  -9.2907814e-009            
2.4824352e-006  -2.0798826e-009            
2.5024548e-006  4.031148e-010            
2.5224745e-006  -1.9471818e-009            
2.5424941e-006  -7.9775823e-009            
2.5625138e-006  -1.4366197e-008            
2.5825334e-006  -1.7087624e-008            
2.602553e-006  -1.864928e-008            
2.6225727e-006  -1.9575541e-008            
2.6425923e-006  -2.0776684e-008            
2.662612e-006  -2.0951461e-008            
2.6826316e-006  -2.1340414e-008            
2.7026512e-006  -2.186502e-008            
2.7226709e-006  -2.2038073e-008            
2.7426905e-006  -2.1964569e-008            
2.7627102e-006  -2.2198071e-008            
2.7827298e-006  -2.1873781e-008            
2.8027494e-006  -1.9542184e-008            
2.8227691e-006  -1.7845061e-008            
2.8427887e-006  -1.5298912e-008            
2.8628083e-006  -1.0051464e-008            
2.882828e-006  -3.69075e-009            
2.9028476e-006  -1.3510698e-009            
2.9228673e-006  -3.2370977e-009            
2.9428869e-006  -8.8521124e-009            
2.9629065e-006  -1.4350615e-008            
2.9829262e-006  -1.6732323e-008            
3.0029458e-006  -1.9268737e-008            
3.0229655e-006  -2.0993919e-008            
3.0429851e-006  -2.1768997e-008            
3.0630047e-006  -2.146372e-008            
3.0830244e-006  -2.075327e-008            
3.103044e-006  -2.0565378e-008            
3.1230636e-006  -2.1014139e-008            
3.1430833e-006  -2.2363413e-008            
3.1631029e-006  -2.3314571e-008            
3.1831226e-006  -2.1481529e-008            
3.2031422e-006  -1.9462342e-008            
3.2231618e-006  -1.7786892e-008            
3.2431815e-006  -1.6282268e-008            
3.2632011e-006  -1.2827382e-008            
3.2832208e-006  -7.2326497e-009            
3.3032404e-006  -3.82494e-009            
3.32326e-006  -6.0091585e-009            
3.3432797e-006  -1.0867468e-008            
3.3632993e-006  -1.5324688e-008            
3.383319e-006  -1.798623e-008            
3.4033386e-006  -1.9470826e-008            
3.4233582e-006  -2.0604271e-008            
3.4433779e-006  -2.1523174e-008            
3.4633975e-006  -2.0953446e-008            
3.4834171e-006  -2.0093792e-008            
3.5034368e-006  -1.9762313e-008            
3.5234564e-006  -1.9636874e-008            
3.5434761e-006  -2.0210483e-008            
3.5634957e-006  -2.157909e-008            
3.5835153e-006  -2.1743419e-008            
3.603535e-006  -1.993243e-008            
3.6235546e-006  -1.7838801e-008            
3.6435743e-006  -1.5297063e-008            
3.6635939e-006  -1.0823724e-008            
3.6836135e-006  -6.0061217e-009            
3.7036332e-006  -4.8056077e-009            
3.7236528e-006  -7.8903131e-009            
3.7436725e-006  -1.2881755e-008            
3.7636921e-006  -1.6134601e-008            
3.7837117e-006  -1.7951915e-008            
3.8037314e-006  -1.9874748e-008            
3.823751e-006  -2.0417636e-008            
3.8437706e-006  -1.9628475e-008            
3.8637903e-006  -1.8752044e-008            
3.8838099e-006  -1.8650008e-008            
3.9038296e-006  -1.8648759e-008            
3.9238492e-006  -1.8638467e-008            
3.9438688e-006  -1.8624455e-008            
3.9638885e-006  -1.9052693e-008            
3.9839081e-006  -1.9762018e-008            
4.0039278e-006  -2.0160976e-008            
4.0239474e-006  -1.7874878e-008            
4.043967e-006  -1.4018622e-008            
4.0639867e-006  -8.218857e-009            
4.0840063e-006  -4.6333879e-009            
4.1040259e-006  -5.8745777e-010            
4.1240456e-006  3.8369875e-009            
4.1440652e-006  4.8518374e-009            
4.1640849e-006  2.2079306e-009            
4.1841045e-006  -3.0613299e-009            
4.2041241e-006  -7.8632943e-009            
4.2241438e-006  -7.9647229e-009            
4.2441634e-006  -4.7118733e-009            
4.2641831e-006  3.8628324e-011            
4.2842027e-006  5.3808396e-009            
4.3042223e-006  7.4852448e-009            
4.324242e-006  5.8298646e-009            
