Profile 1             
0  -1.7191762e-010            
1e-008  -4.3869802e-010            
2e-008  -2.8190619e-010            
3e-008  -1.9368738e-010            
4e-008  -1.9564623e-010            
5e-008  2.9038336e-011            
6e-008  3.6320463e-010            
7e-008  4.5894167e-010            
8e-008  6.9812071e-010            
9e-008  9.2473936e-010            
1e-007  5.4071355e-010            
1.1e-007  2.2522998e-010            
1.2e-007  -3.2166374e-010            
1.3e-007  -6.8413281e-010            
1.4e-007  -1.5186411e-009            
1.5e-007  -1.7855155e-009            
1.6e-007  -3.4078715e-009            
1.7e-007  -5.2805853e-009            
1.8e-007  -7.1342211e-009            
1.9e-007  -9.3772955e-009            
2e-007  -1.2283508e-008            
2.1e-007  -1.5342048e-008            
2.2e-007  -1.8713879e-008            
2.3e-007  -2.2068342e-008            
2.4e-007  -2.4494907e-008            
2.5e-007  -2.6104296e-008            
2.6e-007  -2.7558193e-008            
2.7e-007  -2.8284845e-008            
2.8e-007  -2.9204809e-008            
2.9e-007  -3.0486381e-008            
3e-007  -3.2676098e-008            
3.1e-007  -3.4812035e-008            
3.2e-007  -3.6753845e-008            
3.3e-007  -3.7434891e-008            
3.4e-007  -3.6079018e-008            
3.5e-007  -3.2768848e-008            
3.6e-007  -2.9873537e-008            
3.7e-007  -2.713979e-008            
3.8e-007  -2.4480442e-008            
3.9e-007  -2.1540834e-008            
4e-007  -1.8438726e-008            
4.1e-007  -1.5733563e-008            
4.2e-007  -1.3285048e-008            
4.3e-007  -1.0474233e-008            
4.4e-007  -7.2214742e-009            
4.5e-007  -4.376421e-009            
4.6e-007  -1.9914294e-009            
4.7e-007  -3.7877521e-010            
4.8e-007  3.3927533e-010            
4.9e-007  4.354217e-010            
5e-007  4.0146395e-010            
5.1e-007  -1.8068792e-011            
5.2e-007  6.1327563e-012            
5.3e-007  -5.165962e-010            
5.4e-007  -1.1555592e-009            
5.5e-007  -2.1120708e-009            
5.6e-007  -3.5267534e-009            
5.7e-007  -5.2028346e-009            
5.8e-007  -7.512485e-009            
5.9e-007  -1.0511683e-008            
6e-007  -1.404532e-008            
6.1e-007  -1.7775015e-008            
6.2e-007  -2.1265718e-008            
6.3e-007  -2.3198746e-008            
6.4e-007  -2.42845e-008            
6.5e-007  -2.5285963e-008            
6.6e-007  -2.636252e-008            
6.7e-007  -2.7704458e-008            
6.8e-007  -2.9548325e-008            
6.9e-007  -3.1611618e-008            
7e-007  -3.397736e-008            
7.1e-007  -3.5634064e-008            
7.2e-007  -3.6861446e-008            
7.3e-007  -3.6860107e-008            
7.4e-007  -3.5325031e-008            
7.5e-007  -3.3284431e-008            
7.6e-007  -3.118767e-008            
7.7e-007  -2.9239742e-008            
7.8e-007  -2.7509296e-008            
7.9e-007  -2.5251369e-008            
8e-007  -2.276635e-008            
8.1e-007  -2.032336e-008            
8.2e-007  -1.7303818e-008            
8.3e-007  -1.3681612e-008            
8.4e-007  -9.2178621e-009            
8.5e-007  -5.1763916e-009            
8.6e-007  -2.6103179e-009            
8.7e-007  -1.2890428e-009            
8.8e-007  -8.1297511e-010            
8.9e-007  -6.5901583e-010            
9e-007  -3.9104473e-010            
9.1e-007  -6.4717704e-010            
9.2e-007  -1.1210283e-009            
9.3e-007  -1.8927753e-009            
9.4e-007  -2.8610713e-009            
9.5e-007  -4.2486319e-009            
9.6e-007  -5.9060607e-009            
9.7e-007  -8.122756e-009            
9.8e-007  -1.0704382e-008            
9.9e-007  -1.4261245e-008            
1e-006  -1.7481266e-008            
1.01e-006  -2.0028229e-008            
1.02e-006  -2.1701023e-008            
1.03e-006  -2.2974092e-008            
1.04e-006  -2.4081757e-008            
1.05e-006  -2.5600202e-008            
1.06e-006  -2.7627602e-008            
1.07e-006  -3.0133993e-008            
1.08e-006  -3.2436813e-008            
1.09e-006  -3.4025253e-008            
1.1e-006  -3.5201439e-008            
1.11e-006  -3.6564754e-008            
1.12e-006  -3.7465332e-008            
1.13e-006  -3.8086117e-008            
1.14e-006  -3.766547e-008            
1.15e-006  -3.5934753e-008            
1.16e-006  -3.4493286e-008            
1.17e-006  -3.2669575e-008            
1.18e-006  -3.0070848e-008            
1.19e-006  -2.7587557e-008            
1.2e-006  -2.5292545e-008            
1.21e-006  -2.2608187e-008            
1.22e-006  -1.8924143e-008            
1.23e-006  -1.4283711e-008            
1.24e-006  -1.0491034e-008            
1.25e-006  -6.8353066e-009            
1.26e-006  -4.4211597e-009            
1.27e-006  -2.1906345e-009            
1.28e-006  -2.338513e-010            
1.29e-006  6.1715203e-010            
1.3e-006  1.2169789e-009            
1.31e-006  1.2220068e-009            
1.32e-006  9.8659575e-010            
1.33e-006  6.3887113e-010            
1.34e-006  1.3110834e-010            
1.35e-006  -5.0473124e-010            
1.36e-006  -1.2474692e-009            
1.37e-006  -2.7813308e-009            
1.38e-006  -4.7538895e-009            
1.39e-006  -7.1488547e-009            
1.4e-006  -1.0163094e-008            
1.41e-006  -1.3263815e-008            
1.42e-006  -1.63435e-008            
1.43e-006  -1.9685797e-008            
1.44e-006  -2.2407928e-008            
1.45e-006  -2.5110399e-008            
1.46e-006  -2.7637962e-008            
1.47e-006  -2.9748627e-008            
1.48e-006  -3.1695991e-008            
1.49e-006  -3.3173744e-008            
1.5e-006  -3.4565613e-008            
1.51e-006  -3.5943348e-008            
1.52e-006  -3.7965969e-008            
1.53e-006  -3.8619038e-008            
1.54e-006  -3.7189236e-008            
1.55e-006  -3.4573593e-008            
1.56e-006  -3.2452454e-008            
1.57e-006  -3.052951e-008            
1.58e-006  -2.7531046e-008            
1.59e-006  -2.4430521e-008            
1.6e-006  -2.2549614e-008            
1.61e-006  -2.0723316e-008            
1.62e-006  -1.8850174e-008            
1.63e-006  -1.6771681e-008            
1.64e-006  -1.4388543e-008            
1.65e-006  -1.1557812e-008            
1.66e-006  -8.824996e-009            
1.67e-006  -5.752974e-009            
1.68e-006  -3.1132302e-009            
1.69e-006  -1.4992892e-009            
1.7e-006  -5.8727348e-010            
1.71e-006  -3.3793339e-010            
1.72e-006  -6.284765e-010            
1.73e-006  -1.0392239e-009            
1.74e-006  -1.8062681e-009            
1.75e-006  -2.8737328e-009            
1.76e-006  -3.8841612e-009            
1.77e-006  -5.6602173e-009            
1.78e-006  -7.8174491e-009            
1.79e-006  -1.0529446e-008            
1.8e-006  -1.3570044e-008            
1.81e-006  -1.7122581e-008            
1.82e-006  -2.0675989e-008            
1.83e-006  -2.4139362e-008            
1.84e-006  -2.7128347e-008            
1.85e-006  -2.9346222e-008            
1.86e-006  -3.0999815e-008            
1.87e-006  -3.2356445e-008            
1.88e-006  -3.3814293e-008            
1.89e-006  -3.5344715e-008            
1.9e-006  -3.6894672e-008            
1.91e-006  -3.8377449e-008            
1.92e-006  -3.972073e-008            
1.93e-006  -4.0174332e-008            
1.94e-006  -3.9669205e-008            
1.95e-006  -3.785405e-008            
1.96e-006  -3.5743545e-008            
1.97e-006  -3.3565712e-008            
1.98e-006  -3.0851952e-008            
1.99e-006  -2.8865696e-008            
2e-006  -2.6931507e-008            
2.01e-006  -2.5646803e-008            
2.02e-006  -2.3956222e-008            
2.03e-006  -2.1990805e-008            
2.04e-006  -2.0123207e-008            
2.05e-006  -1.7411772e-008            
2.06e-006  -1.3311228e-008            
2.07e-006  -8.9938602e-009            
2.08e-006  -6.0079679e-009            
2.09e-006  -4.3786678e-009            
2.1e-006  -3.646944e-009            
2.11e-006  -3.4844904e-009            
2.12e-006  -3.6304593e-009            
2.13e-006  -3.9123814e-009            
2.14e-006  -4.1546197e-009            
2.15e-006  -5.1728353e-009            
2.16e-006  -7.0029068e-009            
2.17e-006  -9.3135347e-009            
2.18e-006  -1.2255628e-008            
2.19e-006  -1.5656167e-008            
2.2e-006  -1.8966492e-008            
2.21e-006  -2.2063806e-008            
2.22e-006  -2.4812286e-008            
2.23e-006  -2.7693794e-008            
2.24e-006  -3.0748503e-008            
2.25e-006  -3.2493408e-008            
2.26e-006  -3.420335e-008            
2.27e-006  -3.5397556e-008            
2.28e-006  -3.6731174e-008            
2.29e-006  -3.8400322e-008            
2.3e-006  -3.9883175e-008            
2.31e-006  -4.0955948e-008            
2.32e-006  -4.1707752e-008            
2.33e-006  -4.2328827e-008            
2.34e-006  -4.1859199e-008            
2.35e-006  -4.0576298e-008            
2.36e-006  -3.8963283e-008            
2.37e-006  -3.729068e-008            
2.38e-006  -3.5386249e-008            
2.39e-006  -3.3376106e-008            
2.4e-006  -3.1262661e-008            
2.41e-006  -2.9649626e-008            
2.42e-006  -2.692667e-008            
2.43e-006  -2.3063417e-008            
2.44e-006  -1.9529993e-008            
2.45e-006  -1.6860451e-008            
2.46e-006  -1.3759356e-008            
2.47e-006  -9.041192e-009            
2.48e-006  -5.2571845e-009            
2.49e-006  -2.6940126e-009            
2.5e-006  -1.9706392e-009            
2.51e-006  -1.9220478e-009            
2.52e-006  -2.1669149e-009            
2.53e-006  -2.1552889e-009            
2.54e-006  -2.8147025e-009            
2.55e-006  -3.1866844e-009            
2.56e-006  -4.8951702e-009            
2.57e-006  -7.469316e-009            
2.58e-006  -1.0537046e-008            
2.59e-006  -1.4312403e-008            
2.6e-006  -1.7430073e-008            
2.61e-006  -2.0061577e-008            
2.62e-006  -2.2836367e-008            
2.63e-006  -2.5718069e-008            
2.64e-006  -2.88944e-008            
2.65e-006  -3.1704632e-008            
2.66e-006  -3.3703949e-008            
2.67e-006  -3.493848e-008            
2.68e-006  -3.6165123e-008            
2.69e-006  -3.7422142e-008            
2.7e-006  -3.9337391e-008            
2.71e-006  -4.1263939e-008            
2.72e-006  -4.3166283e-008            
2.73e-006  -4.3830009e-008            
2.74e-006  -4.2044269e-008            
2.75e-006  -3.9752071e-008            
2.76e-006  -3.7424385e-008            
2.77e-006  -3.5520107e-008            
2.78e-006  -3.3070019e-008            
2.79e-006  -3.136632e-008            
2.8e-006  -2.9914669e-008            
2.81e-006  -2.8358749e-008            
2.82e-006  -2.6586231e-008            
2.83e-006  -2.4619045e-008            
2.84e-006  -2.1255121e-008            
2.85e-006  -1.7156666e-008            
2.86e-006  -1.29375e-008            
2.87e-006  -9.9733543e-009            
2.88e-006  -7.7361121e-009            
2.89e-006  -6.0933518e-009            
2.9e-006  -5.0328927e-009            
2.91e-006  -4.8822036e-009            
2.92e-006  -4.9503956e-009            
2.93e-006  -5.455028e-009            
2.94e-006  -6.3298096e-009            
2.95e-006  -7.1823106e-009            
2.96e-006  -8.6839132e-009            
2.97e-006  -1.0719907e-008            
2.98e-006  -1.3047242e-008            
2.99e-006  -1.5882836e-008            
3e-006  -1.8148296e-008            
3.01e-006  -2.0873409e-008            
3.02e-006  -2.3984375e-008            
3.03e-006  -2.7636501e-008            
3.04e-006  -3.1131615e-008            
3.05e-006  -3.3121693e-008            
3.06e-006  -3.468428e-008            
3.07e-006  -3.5757465e-008            
3.08e-006  -3.6791149e-008            
3.09e-006  -3.7791634e-008            
3.1e-006  -3.9296196e-008            
3.11e-006  -4.1303932e-008            
3.12e-006  -4.3795441e-008            
3.13e-006  -4.5391003e-008            
3.14e-006  -4.4711952e-008            
3.15e-006  -4.2306148e-008            
3.16e-006  -3.9668537e-008            
3.17e-006  -3.7081283e-008            
3.18e-006  -3.4457767e-008            
3.19e-006  -3.2551647e-008            
3.2e-006  -3.0518167e-008            
3.21e-006  -2.8954498e-008            
3.22e-006  -2.7445038e-008            
3.23e-006  -2.5443197e-008            
3.24e-006  -2.1976015e-008            
3.25e-006  -1.8590229e-008            
3.26e-006  -1.5431644e-008            
3.27e-006  -1.227491e-008            
3.28e-006  -1.0116429e-008            
3.29e-006  -8.6356506e-009            
3.3e-006  -7.9601364e-009            
3.31e-006  -7.8683705e-009            
3.32e-006  -8.0279951e-009            
3.33e-006  -8.1954269e-009            
3.34e-006  -9.2166052e-009            
3.35e-006  -1.0285426e-008            
3.36e-006  -1.1905006e-008            
3.37e-006  -1.4177976e-008            
3.38e-006  -1.660804e-008            
3.39e-006  -1.8622391e-008            
3.4e-006  -2.0547499e-008            
3.41e-006  -2.3313112e-008            
3.42e-006  -2.585362e-008            
3.43e-006  -2.8049129e-008            
3.44e-006  -2.9692625e-008            
3.45e-006  -3.1317829e-008            
3.46e-006  -3.2477878e-008            
3.47e-006  -3.3963066e-008            
3.48e-006  -3.5849014e-008            
3.49e-006  -3.8363083e-008            
3.5e-006  -4.0924274e-008            
3.51e-006  -4.3304832e-008            
3.52e-006  -4.4862274e-008            
3.53e-006  -4.5436596e-008            
3.54e-006  -4.4910343e-008            
3.55e-006  -4.2280788e-008            
3.56e-006  -4.0128166e-008            
3.57e-006  -3.8124683e-008            
3.58e-006  -3.5876213e-008            
3.59e-006  -3.383218e-008            
3.6e-006  -3.2299969e-008            
3.61e-006  -3.0732693e-008            
3.62e-006  -2.8305424e-008            
3.63e-006  -2.5463234e-008            
3.64e-006  -2.3176653e-008            
3.65e-006  -2.1887524e-008            
3.66e-006  -2.0031803e-008            
3.67e-006  -1.7283699e-008            
3.68e-006  -1.533063e-008            
3.69e-006  -1.3483421e-008            
3.7e-006  -1.2389228e-008            
3.71e-006  -1.1865354e-008            
3.72e-006  -1.1980251e-008            
3.73e-006  -1.2319906e-008            
3.74e-006  -1.2898307e-008            
3.75e-006  -1.4211482e-008            
3.76e-006  -1.5457352e-008            
3.77e-006  -1.6851969e-008            
3.78e-006  -1.8608658e-008            
3.79e-006  -2.0696339e-008            
3.8e-006  -2.3372127e-008            
3.81e-006  -2.6550569e-008            
3.82e-006  -2.9742485e-008            
3.83e-006  -3.2846165e-008            
3.84e-006  -3.4486519e-008            
3.85e-006  -3.5265919e-008            
3.86e-006  -3.6200313e-008            
3.87e-006  -3.7274151e-008            
3.88e-006  -3.9150257e-008            
3.89e-006  -4.1187389e-008            
3.9e-006  -4.3287491e-008            
3.91e-006  -4.514357e-008            
3.92e-006  -4.7078152e-008            
3.93e-006  -4.8940601e-008            
3.94e-006  -4.9001263e-008            
3.95e-006  -4.5927227e-008            
3.96e-006  -4.402726e-008            
3.97e-006  -4.2251957e-008            
3.98e-006  -3.9857601e-008            
3.99e-006  -3.680423e-008            
4e-006  -3.3873196e-008            
4.01e-006  -3.157868e-008            
4.02e-006  -2.9646019e-008            
4.03e-006  -2.8665764e-008            
4.04e-006  -2.7267889e-008            
4.05e-006  -2.6466446e-008            
4.06e-006  -2.5204914e-008            
4.07e-006  -2.2747427e-008            
4.08e-006  -1.8665787e-008            
4.09e-006  -1.3652562e-008            
4.1e-006  -9.0552377e-009            
4.11e-006  -5.7433996e-009            
4.12e-006  -3.2999263e-009            
4.13e-006  -1.8654168e-009            
4.14e-006  -6.0391778e-010            
4.15e-006  6.441453e-012            
4.16e-006  -4.4698126e-011            
4.17e-006  -1.977203e-010            
4.18e-006  -3.2602537e-010            
4.19e-006  -2.8827605e-010            
4.2e-006  -7.4965082e-011            
4.21e-006  1.3253389e-011            
4.22e-006  -2.9276949e-010            
4.23e-006  -5.8282232e-010            
4.24e-006  -2.7756086e-010            
4.25e-006  -3.342466e-010            
4.26e-006  1.2789747e-010            
4.27e-006  2.587834e-010            
