Profile 1             
0  1.0371875e-009            
1.0000438e-008  1.1354569e-009            
2.0000876e-008  1.2428167e-009            
3.0001314e-008  1.2430586e-009            
4.0001752e-008  1.2031815e-009            
5.000219e-008  1.2522764e-009            
6.0002628e-008  1.3045493e-009            
7.0003066e-008  1.2008482e-009            
8.0003504e-008  1.1392524e-009            
9.0003941e-008  1.0690495e-009            
1.0000438e-007  1.0129278e-009            
1.1000482e-007  1.0853855e-009            
1.2000526e-007  1.1506453e-009            
1.3000569e-007  1.1494209e-009            
1.4000613e-007  1.2273631e-009            
1.5000657e-007  1.2933631e-009            
1.6000701e-007  1.2916054e-009            
1.7000744e-007  1.2519422e-009            
1.8000788e-007  1.2444662e-009            
1.9000832e-007  1.2869928e-009            
2.0000876e-007  1.2960217e-009            
2.100092e-007  1.3310378e-009            
2.2000963e-007  1.3343432e-009            
2.3001007e-007  1.3952191e-009            
2.4001051e-007  1.4576353e-009            
2.5001095e-007  1.5613688e-009            
2.6001139e-007  1.6938685e-009            
2.7001182e-007  1.8185869e-009            
2.8001226e-007  1.9107797e-009            
2.900127e-007  1.8884206e-009            
3.0001314e-007  1.9790183e-009            
3.1001358e-007  1.9978058e-009            
3.2001401e-007  1.9414711e-009            
3.3001445e-007  2.0063394e-009            
3.4001489e-007  2.1233688e-009            
3.5001533e-007  2.2079312e-009            
3.6001577e-007  2.0470171e-009            
3.700162e-007  1.1639607e-009            
3.8001664e-007  -8.9580867e-010            
3.9001708e-007  -3.9958001e-009            
4.0001752e-007  -7.8241809e-009            
4.1001796e-007  -1.2525694e-008            
4.2001839e-007  -1.7916272e-008            
4.3001883e-007  -2.3623095e-008            
4.4001927e-007  -2.9773088e-008            
4.5001971e-007  -3.5458472e-008            
4.6002015e-007  -3.9701375e-008            
4.7002058e-007  -4.2231213e-008            
4.8002102e-007  -4.3545443e-008            
4.9002146e-007  -4.4159112e-008            
5.000219e-007  -4.4331379e-008            
5.1002233e-007  -4.4310463e-008            
5.2002277e-007  -4.4153388e-008            
5.3002321e-007  -4.4016374e-008            
5.4002365e-007  -4.3864189e-008            
5.5002409e-007  -4.3688722e-008            
5.6002452e-007  -4.343265e-008            
5.7002496e-007  -4.3001906e-008            
5.800254e-007  -4.2296512e-008            
5.9002584e-007  -4.1094611e-008            
6.0002628e-007  -3.8897974e-008            
6.1002671e-007  -3.5253695e-008            
6.2002715e-007  -2.8298533e-008            
6.3002759e-007  -1.8589361e-008            
6.4002803e-007  -1.0086761e-008            
6.5002847e-007  -4.1484527e-009            
6.600289e-007  -4.7078926e-010            
6.7002934e-007  1.5303001e-009            
6.8002978e-007  2.4877709e-009            
6.9003022e-007  2.7745039e-009            
7.0003066e-007  2.7558069e-009            
7.1003109e-007  2.7318527e-009            
7.2003153e-007  2.769253e-009            
7.3003197e-007  2.6420439e-009            
7.4003241e-007  1.8081275e-009            
7.5003285e-007  1.0842083e-010            
7.6003328e-007  -2.6485326e-009            
7.7003372e-007  -6.3924074e-009            
7.8003416e-007  -1.1008714e-008            
7.900346e-007  -1.641983e-008            
8.0003504e-007  -2.2271491e-008            
8.1003547e-007  -2.8473563e-008            
8.2003591e-007  -3.3928491e-008            
8.3003635e-007  -3.8028086e-008            
8.4003679e-007  -4.0857007e-008            
8.5003722e-007  -4.2569105e-008            
8.6003766e-007  -4.334561e-008            
8.700381e-007  -4.3726382e-008            
8.8003854e-007  -4.3834808e-008            
8.9003898e-007  -4.3884546e-008            
9.0003941e-007  -4.3905756e-008            
9.1003985e-007  -4.3801563e-008            
9.2004029e-007  -4.3687263e-008            
9.3004073e-007  -4.3636505e-008            
9.4004117e-007  -4.3474181e-008            
9.500416e-007  -4.3168342e-008            
9.6004204e-007  -4.2552432e-008            
9.7004248e-007  -4.159836e-008            
9.8004292e-007  -3.9851914e-008            
9.9004336e-007  -3.6617963e-008            
1.0000438e-006  -2.992918e-008            
1.0100442e-006  -2.0432286e-008            
1.0200447e-006  -1.147371e-008            
1.0300451e-006  -5.1684505e-009            
1.0400455e-006  -1.2433363e-009            
1.050046e-006  9.2316956e-010            
1.0600464e-006  2.0034331e-009            
1.0700469e-006  2.2733906e-009            
1.0800473e-006  2.179362e-009            
1.0900477e-006  2.0964583e-009            
1.1000482e-006  2.0584345e-009            
1.1100486e-006  2.0636524e-009            
1.120049e-006  1.9960919e-009            
1.1300495e-006  1.758124e-009            
1.1400499e-006  6.6794724e-010            
1.1500504e-006  -1.7776175e-009            
1.1600508e-006  -5.3396453e-009            
1.1700512e-006  -9.7275995e-009            
1.1800517e-006  -1.4923418e-008            
1.1900521e-006  -2.0738798e-008            
1.2000526e-006  -2.6878612e-008            
1.210053e-006  -3.2973785e-008            
1.2200534e-006  -3.8019442e-008            
1.2300539e-006  -4.1217514e-008            
1.2400543e-006  -4.2764062e-008            
1.2500547e-006  -4.3552782e-008            
1.2600552e-006  -4.3991518e-008            
1.2700556e-006  -4.4296376e-008            
1.2800561e-006  -4.4488503e-008            
1.2900565e-006  -4.4540239e-008            
1.3000569e-006  -4.4441758e-008            
1.3100574e-006  -4.433834e-008            
1.3200578e-006  -4.411263e-008            
1.3300582e-006  -4.3652837e-008            
1.3400587e-006  -4.3029916e-008            
1.3500591e-006  -4.204507e-008            
1.3600596e-006  -4.0186826e-008            
1.37006e-006  -3.6421126e-008            
1.3800604e-006  -2.9360423e-008            
1.3900609e-006  -1.954104e-008            
1.4000613e-006  -1.0950939e-008            
1.4100617e-006  -5.0689528e-009            
1.4200622e-006  -1.1998989e-009            
1.4300626e-006  9.5688006e-010            
1.4400631e-006  1.9652103e-009            
1.4500635e-006  2.2807941e-009            
1.4600639e-006  2.2502248e-009            
1.4700644e-006  2.151579e-009            
1.4800648e-006  2.1270469e-009            
1.4900653e-006  2.123229e-009            
1.5000657e-006  2.0506352e-009            
1.5100661e-006  1.6471899e-009            
1.5200666e-006  4.1517567e-010            
1.530067e-006  -1.863153e-009            
1.5400674e-006  -5.1456466e-009            
1.5500679e-006  -9.0703429e-009            
1.5600683e-006  -1.392335e-008            
1.5700688e-006  -1.9597082e-008            
1.5800692e-006  -2.57958e-008            
1.5900696e-006  -3.179549e-008            
1.6000701e-006  -3.6878855e-008            
1.6100705e-006  -4.0425729e-008            
1.6200709e-006  -4.2368924e-008            
1.6300714e-006  -4.3359602e-008            
1.6400718e-006  -4.3763503e-008            
1.6500723e-006  -4.3807454e-008            
1.6600727e-006  -4.3815984e-008            
1.6700731e-006  -4.3894885e-008            
1.6800736e-006  -4.3997674e-008            
1.690074e-006  -4.3954224e-008            
1.7000744e-006  -4.3722256e-008            
1.7100749e-006  -4.330781e-008            
1.7200753e-006  -4.2536663e-008            
1.7300758e-006  -4.1537948e-008            
1.7400762e-006  -3.9885511e-008            
1.7500766e-006  -3.6587064e-008            
1.7600771e-006  -2.9929249e-008            
1.7700775e-006  -2.0338915e-008            
1.780078e-006  -1.166718e-008            
1.7900784e-006  -5.3271959e-009            
1.8000788e-006  -1.0975944e-009            
1.8100793e-006  1.2860982e-009            
1.8200797e-006  2.377378e-009            
1.8300801e-006  2.6711373e-009            
1.8400806e-006  2.595737e-009            
1.850081e-006  2.4751434e-009            
1.8600815e-006  2.4833367e-009            
1.8700819e-006  2.4314963e-009            
1.8800823e-006  2.3582189e-009            
1.8900828e-006  2.1254403e-009            
1.9000832e-006  1.1440342e-009            
1.9100836e-006  -1.1318395e-009            
1.9200841e-006  -4.4502217e-009            
1.9300845e-006  -8.5038359e-009            
1.940085e-006  -1.3309316e-008            
1.9500854e-006  -1.887104e-008            
1.9600858e-006  -2.4945331e-008            
1.9700863e-006  -3.0784448e-008            
1.9800867e-006  -3.5815967e-008            
1.9900872e-006  -3.9263979e-008            
2.0000876e-006  -4.1404187e-008            
2.010088e-006  -4.2583193e-008            
2.0200885e-006  -4.3207561e-008            
2.0300889e-006  -4.3543511e-008            
2.0400893e-006  -4.3692466e-008            
2.0500898e-006  -4.3719806e-008            
2.0600902e-006  -4.3663761e-008            
2.0700907e-006  -4.3657008e-008            
2.0800911e-006  -4.3514908e-008            
2.0900915e-006  -4.3148342e-008            
2.100092e-006  -4.2729183e-008            
2.1100924e-006  -4.2092359e-008            
2.1200928e-006  -4.1136961e-008            
2.1300933e-006  -3.9880494e-008            
2.1400937e-006  -3.7798652e-008            
2.1500942e-006  -3.4093841e-008            
2.1600946e-006  -2.7605634e-008            
2.170095e-006  -1.8610801e-008            
2.1800955e-006  -1.0386203e-008            
2.1900959e-006  -4.4090462e-009            
2.2000963e-006  -6.3739577e-010            
2.2100968e-006  1.4794022e-009            
2.2200972e-006  2.6010252e-009            
2.2300977e-006  2.9019476e-009            
2.2400981e-006  2.8871867e-009            
2.2500985e-006  2.7639074e-009            
2.260099e-006  2.5983915e-009            
2.2700994e-006  2.2912846e-009            
2.2800999e-006  1.3801772e-009            
2.2901003e-006  -5.2857168e-010            
2.3001007e-006  -3.4544655e-009            
2.3101012e-006  -7.2375144e-009            
2.3201016e-006  -1.1624288e-008            
2.330102e-006  -1.6857065e-008            
2.3401025e-006  -2.2586643e-008            
2.3501029e-006  -2.858547e-008            
2.3601034e-006  -3.4078119e-008            
2.3701038e-006  -3.8239603e-008            
2.3801042e-006  -4.0948074e-008            
2.3901047e-006  -4.2409312e-008            
2.4001051e-006  -4.2988452e-008            
2.4101055e-006  -4.3174828e-008            
2.420106e-006  -4.3245511e-008            
2.4301064e-006  -4.3276157e-008            
2.4401069e-006  -4.3249318e-008            
2.4501073e-006  -4.3230967e-008            
2.4601077e-006  -4.3183888e-008            
2.4701082e-006  -4.2996106e-008            
2.4801086e-006  -4.2674494e-008            
2.490109e-006  -4.2176538e-008            
2.5001095e-006  -4.150924e-008            
2.5101099e-006  -4.0551139e-008            
2.5201104e-006  -3.8988033e-008            
2.5301108e-006  -3.6085433e-008            
2.5401112e-006  -2.9958724e-008            
2.5501117e-006  -2.0653378e-008            
2.5601121e-006  -1.1547562e-008            
2.5701126e-006  -4.9077798e-009            
2.580113e-006  -7.724964e-010            
2.5901134e-006  1.5316118e-009            
2.6001139e-006  2.7105193e-009            
2.6101143e-006  3.0496759e-009            
2.6201147e-006  3.0492202e-009            
2.6301152e-006  3.022182e-009            
2.6401156e-006  3.0247135e-009            
2.6501161e-006  2.9341187e-009            
2.6601165e-006  2.3360182e-009            
2.6701169e-006  8.1605412e-010            
2.6801174e-006  -1.8007049e-009            
2.6901178e-006  -5.3300198e-009            
2.7001182e-006  -9.8239419e-009            
2.7101187e-006  -1.4999443e-008            
2.7201191e-006  -2.0700556e-008            
2.7301196e-006  -2.6689194e-008            
2.74012e-006  -3.2139269e-008            
2.7501204e-006  -3.6530119e-008            
2.7601209e-006  -3.9700917e-008            
2.7701213e-006  -4.1660266e-008            
2.7801217e-006  -4.2379251e-008            
2.7901222e-006  -4.2655389e-008            
2.8001226e-006  -4.2847569e-008            
2.8101231e-006  -4.3032583e-008            
2.8201235e-006  -4.3150466e-008            
2.8301239e-006  -4.3109725e-008            
2.8401244e-006  -4.3055744e-008            
2.8501248e-006  -4.3083933e-008            
2.8601253e-006  -4.292035e-008            
2.8701257e-006  -4.2560265e-008            
2.8801261e-006  -4.1915894e-008            
2.8901266e-006  -4.0921822e-008            
2.900127e-006  -3.9422876e-008            
2.9101274e-006  -3.646495e-008            
2.9201279e-006  -3.0492125e-008            
2.9301283e-006  -2.1251285e-008            
2.9401288e-006  -1.2056685e-008            
2.9501292e-006  -5.2940378e-009            
2.9601296e-006  -8.4259218e-010            
2.9701301e-006  1.5547089e-009            
2.9801305e-006  2.688465e-009            
2.9901309e-006  3.0376775e-009            
3.0001314e-006  3.0357673e-009            
3.0101318e-006  2.9575018e-009            
3.0201323e-006  2.864578e-009            
3.0301327e-006  2.8774769e-009            
3.0401331e-006  2.8601837e-009            
3.0501336e-006  2.4843508e-009            
3.060134e-006  1.2561797e-009            
3.0701344e-006  -8.6102012e-010            
3.0801349e-006  -3.853476e-009            
3.0901353e-006  -7.7429041e-009            
3.1001358e-006  -1.2628464e-008            
3.1101362e-006  -1.8245639e-008            
3.1201366e-006  -2.4451912e-008            
3.1301371e-006  -3.0747614e-008            
3.1401375e-006  -3.6107706e-008            
3.150138e-006  -3.965399e-008            
3.1601384e-006  -4.1486743e-008            
3.1701388e-006  -4.2373429e-008            
3.1801393e-006  -4.2850045e-008            
3.1901397e-006  -4.3097861e-008            
3.2001401e-006  -4.3167409e-008            
3.2101406e-006  -4.3139958e-008            
3.220141e-006  -4.303167e-008            
3.2301415e-006  -4.2868263e-008            
3.2401419e-006  -4.2721244e-008            
3.2501423e-006  -4.2419718e-008            
3.2601428e-006  -4.1831261e-008            
3.2701432e-006  -4.0842608e-008            
3.2801436e-006  -3.9341579e-008            
3.2901441e-006  -3.6397372e-008            
3.3001445e-006  -3.0600292e-008            
3.310145e-006  -2.1118212e-008            
3.3201454e-006  -1.1913653e-008            
3.3301458e-006  -5.2394107e-009            
3.3401463e-006  -8.8734942e-010            
3.3501467e-006  1.6384986e-009            
3.3601471e-006  2.9332974e-009            
3.3701476e-006  3.3611671e-009            
3.380148e-006  3.3810296e-009            
3.3901485e-006  3.167244e-009            
3.4001489e-006  3.0366619e-009            
3.4101493e-006  2.9277729e-009            
3.4201498e-006  2.9104856e-009            
3.4301502e-006  2.8963361e-009            
3.4401507e-006  2.1406201e-009            
3.4501511e-006  1.8040911e-010            
3.4601515e-006  -2.915679e-009            
3.470152e-006  -6.9017457e-009            
3.4801524e-006  -1.1833625e-008            
3.4901528e-006  -1.7498804e-008            
3.5001533e-006  -2.3865627e-008            
3.5101537e-006  -3.0086153e-008            
3.5201542e-006  -3.5402361e-008            
3.5301546e-006  -3.9043297e-008            
3.540155e-006  -4.1188848e-008            
3.5501555e-006  -4.2578676e-008            
3.5601559e-006  -4.3255789e-008            
3.5701563e-006  -4.3448354e-008            
3.5801568e-006  -4.3418602e-008            
3.5901572e-006  -4.3366881e-008            
3.6001577e-006  -4.3288765e-008            
3.6101581e-006  -4.3181056e-008            
3.6201585e-006  -4.2997186e-008            
3.630159e-006  -4.2659656e-008            
3.6401594e-006  -4.2138383e-008            
3.6501598e-006  -4.1365843e-008            
3.6601603e-006  -3.9931105e-008            
3.6701607e-006  -3.7117486e-008            
3.6801612e-006  -3.1335501e-008            
3.6901616e-006  -2.1479546e-008            
3.700162e-006  -1.1948611e-008            
3.7101625e-006  -5.1847378e-009            
3.7201629e-006  -8.3697564e-010            
3.7301634e-006  1.6287385e-009            
3.7401638e-006  2.9248381e-009            
3.7501642e-006  3.4161728e-009            
3.7601647e-006  3.4509738e-009            
3.7701651e-006  3.3891586e-009            
3.7801655e-006  3.3104909e-009            
3.790166e-006  3.2497888e-009            
3.8001664e-006  3.2494277e-009            
3.8101669e-006  3.1477336e-009            
3.8201673e-006  2.3823555e-009            
3.8301677e-006  6.6235032e-010            
3.8401682e-006  -2.1923288e-009            
3.8501686e-006  -6.2418243e-009            
3.860169e-006  -1.1166522e-008            
3.8701695e-006  -1.6873094e-008            
3.8801699e-006  -2.3092542e-008            
3.8901704e-006  -2.9263206e-008            
3.9001708e-006  -3.4712553e-008            
3.9101712e-006  -3.8633991e-008            
3.9201717e-006  -4.108647e-008            
3.9301721e-006  -4.24054e-008            
3.9401725e-006  -4.2920237e-008            
3.950173e-006  -4.3151048e-008            
3.9601734e-006  -4.3372493e-008            
3.9701739e-006  -4.3475397e-008            
3.9801743e-006  -4.3518446e-008            
3.9901747e-006  -4.353083e-008            
4.0001752e-006  -4.3477412e-008            
4.0101756e-006  -4.3268979e-008            
4.0201761e-006  -4.2915404e-008            
4.0301765e-006  -4.2434396e-008            
4.0401769e-006  -4.1698537e-008            
4.0501774e-006  -4.0481894e-008            
4.0601778e-006  -3.8306578e-008            
4.0701782e-006  -3.4659893e-008            
4.0801787e-006  -2.8258916e-008            
4.0901791e-006  -1.9414525e-008            
4.1001796e-006  -1.111581e-008            
4.11018e-006  -4.8177354e-009            
4.1201804e-006  -8.8086849e-010            
4.1301809e-006  1.2263829e-009            
4.1401813e-006  2.3011455e-009            
4.1501817e-006  2.7082505e-009            
4.1601822e-006  2.7796375e-009            
4.1701826e-006  2.7838225e-009            
4.1801831e-006  2.7096151e-009            
4.1901835e-006  2.4880415e-009            
4.2001839e-006  1.5637324e-009            
4.2101844e-006  -2.3045914e-010            
4.2201848e-006  -2.8698226e-009            
4.2301852e-006  -6.5067045e-009            
4.2401857e-006  -1.0925072e-008            
4.2501861e-006  -1.6068072e-008            
4.2601866e-006  -2.1787813e-008            
4.270187e-006  -2.7894305e-008            
4.2801874e-006  -3.3437924e-008            
4.2901879e-006  -3.7688487e-008            
4.3001883e-006  -4.0501382e-008            
4.3101888e-006  -4.2117099e-008            
4.3201892e-006  -4.2797305e-008            
4.3301896e-006  -4.3154824e-008            
4.3401901e-006  -4.3444458e-008            
4.3501905e-006  -4.3509933e-008            
4.3601909e-006  -4.3560121e-008            
4.3701914e-006  -4.3464937e-008            
4.3801918e-006  -4.3327726e-008            
4.3901923e-006  -4.3240909e-008            
4.4001927e-006  -4.3030465e-008            
4.4101931e-006  -4.2626898e-008            
4.4201936e-006  -4.1990941e-008            
4.430194e-006  -4.0970187e-008            
4.4401944e-006  -3.9369186e-008            
4.4501949e-006  -3.6650701e-008            
4.4601953e-006  -3.1264806e-008            
4.4701958e-006  -2.2367135e-008            
4.4801962e-006  -1.3203222e-008            
4.4901966e-006  -6.3533987e-009            
4.5001971e-006  -1.6886032e-009            
4.5101975e-006  9.1931815e-010            
4.5201979e-006  2.1793816e-009            
4.5301984e-006  2.7412245e-009            
4.5401988e-006  2.8546411e-009            
4.5501993e-006  2.931734e-009            
4.5601997e-006  3.0155177e-009            
4.5702001e-006  2.9713838e-009            
4.5802006e-006  2.3762141e-009            
4.590201e-006  7.940171e-010            
4.6002015e-006  -2.0263601e-009            
4.6102019e-006  -5.516451e-009            
4.6202023e-006  -9.958043e-009            
4.6302028e-006  -1.5087398e-008            
4.6402032e-006  -2.0778417e-008            
4.6502036e-006  -2.6797119e-008            
4.6602041e-006  -3.2377419e-008            
4.6702045e-006  -3.6694714e-008            
4.680205e-006  -3.9741418e-008            
4.6902054e-006  -4.1727513e-008            
4.7002058e-006  -4.269035e-008            
4.7102063e-006  -4.3127118e-008            
4.7202067e-006  -4.329256e-008            
4.7302071e-006  -4.3276696e-008            
4.7402076e-006  -4.3262005e-008            
4.750208e-006  -4.3322322e-008            
4.7602085e-006  -4.3262889e-008            
4.7702089e-006  -4.3254495e-008            
4.7802093e-006  -4.3224798e-008            
4.7902098e-006  -4.2905681e-008            
4.8002102e-006  -4.2235658e-008            
4.8102106e-006  -4.1250522e-008            
4.8202111e-006  -3.9651754e-008            
4.8302115e-006  -3.6890947e-008            
4.840212e-006  -3.1304523e-008            
4.8502124e-006  -2.195319e-008            
4.8602128e-006  -1.2693432e-008            
4.8702133e-006  -5.8592784e-009            
4.8802137e-006  -1.2249842e-009            
4.8902142e-006  1.3584664e-009            
4.9002146e-006  2.6569477e-009            
4.910215e-006  3.0745784e-009            
4.9202155e-006  3.072301e-009            
4.9302159e-006  3.0581779e-009            
4.9402163e-006  3.0054647e-009            
4.9502168e-006  2.9194706e-009            
4.9602172e-006  2.9080843e-009            
4.9702177e-006  2.7697921e-009            
4.9802181e-006  1.8836325e-009            
4.9902185e-006  -1.1711615e-010            
5.000219e-006  -3.3128924e-009            
5.0102194e-006  -7.4052096e-009            
5.0202198e-006  -1.2491283e-008            
5.0302203e-006  -1.8015287e-008            
5.0402207e-006  -2.3986343e-008            
5.0502212e-006  -3.010539e-008            
5.0602216e-006  -3.5615386e-008            
5.070222e-006  -3.9550743e-008            
5.0802225e-006  -4.1606486e-008            
5.0902229e-006  -4.2669365e-008            
5.1002233e-006  -4.3216238e-008            
5.1102238e-006  -4.3467588e-008            
5.1202242e-006  -4.3631549e-008            
5.1302247e-006  -4.3663399e-008            
5.1402251e-006  -4.3640918e-008            
5.1502255e-006  -4.3672784e-008            
5.160226e-006  -4.3680349e-008            
5.1702264e-006  -4.3493056e-008            
5.1802269e-006  -4.3013623e-008            
5.1902273e-006  -4.2047507e-008            
5.2002277e-006  -4.0540305e-008            
5.2102282e-006  -3.7834001e-008            
5.2202286e-006  -3.2503567e-008            
5.230229e-006  -2.3336207e-008            
5.2402295e-006  -1.4008866e-008            
5.2502299e-006  -6.9310323e-009            
5.2602304e-006  -2.2185045e-009            
5.2702308e-006  5.8127211e-010            
5.2802312e-006  2.0629667e-009            
5.2902317e-006  2.6266048e-009            
5.3002321e-006  2.6788588e-009            
5.3102325e-006  2.5808757e-009            
5.320233e-006  2.524933e-009            
5.3302334e-006  2.4481794e-009            
5.3402339e-006  2.4295333e-009            
5.3502343e-006  2.2745483e-009            
5.3602347e-006  1.4087914e-009            
5.3702352e-006  -6.989857e-010            
5.3802356e-006  -3.6665496e-009            
5.390236e-006  -7.6357294e-009            
5.4002365e-006  -1.2423084e-008            
5.4102369e-006  -1.7739282e-008            
5.4202374e-006  -2.3728089e-008            
5.4302378e-006  -2.9770159e-008            
5.4402382e-006  -3.5286756e-008            
5.4502387e-006  -3.9224773e-008            
5.4602391e-006  -4.1505007e-008            
5.4702396e-006  -4.2706251e-008            
5.48024e-006  -4.336339e-008            
5.4902404e-006  -4.3700039e-008            
5.5002409e-006  -4.3934102e-008            
5.5102413e-006  -4.4076476e-008            
5.5202417e-006  -4.4038032e-008            
5.5302422e-006  -4.3891814e-008            
5.5402426e-006  -4.3758325e-008            
5.5502431e-006  -4.3446535e-008            
5.5602435e-006  -4.2863151e-008            
5.5702439e-006  -4.2031113e-008            
5.5802444e-006  -4.0682072e-008            
5.5902448e-006  -3.818627e-008            
5.6002452e-006  -3.3031929e-008            
5.6102457e-006  -2.3804222e-008            
5.6202461e-006  -1.4044643e-008            
5.6302466e-006  -6.6325769e-009            
5.640247e-006  -1.8738164e-009            
5.6502474e-006  8.6172702e-010            
5.6602479e-006  2.2793413e-009            
5.6702483e-006  2.7531111e-009            
5.6802488e-006  2.7287083e-009            
5.6902492e-006  2.6211649e-009            
5.7002496e-006  2.57489e-009            
5.7102501e-006  2.5662684e-009            
5.7202505e-006  2.5216513e-009            
5.7302509e-006  2.3675476e-009            
5.7402514e-006  1.7416969e-009            
5.7502518e-006  1.0300082e-010            
5.7602523e-006  -2.6059768e-009            
5.7702527e-006  -6.1555977e-009            
5.7802531e-006  -1.0676318e-008            
5.7902536e-006  -1.6132943e-008            
5.800254e-006  -2.2122255e-008            
5.8102544e-006  -2.8228023e-008            
5.8202549e-006  -3.3738636e-008            
5.8302553e-006  -3.7843608e-008            
5.8402558e-006  -4.0585174e-008            
5.8502562e-006  -4.22701e-008            
5.8602566e-006  -4.3145246e-008            
5.8702571e-006  -4.3497984e-008            
5.8802575e-006  -4.357041e-008            
5.8902579e-006  -4.3572811e-008            
5.9002584e-006  -4.3607177e-008            
5.9102588e-006  -4.3616204e-008            
5.9202593e-006  -4.3502416e-008            
5.9302597e-006  -4.3167575e-008            
5.9402601e-006  -4.2727925e-008            
5.9502606e-006  -4.2206749e-008            
5.960261e-006  -4.1497267e-008            
5.9702615e-006  -4.0421872e-008            
5.9802619e-006  -3.86199e-008            
5.9902623e-006  -3.5523343e-008            
6.0002628e-006  -2.9902308e-008            
6.0102632e-006  -2.1270895e-008            
6.0202636e-006  -1.251223e-008            
6.0302641e-006  -6.1347866e-009            
6.0402645e-006  -1.9834548e-009            
6.050265e-006  6.4593041e-010            
6.0602654e-006  2.0694004e-009            
6.0702658e-006  2.6276849e-009            
6.0802663e-006  2.735868e-009            
6.0902667e-006  2.6792974e-009            
6.1002671e-006  2.6280098e-009            
6.1102676e-006  2.504635e-009            
6.120268e-006  1.7076236e-009            
6.1302685e-006  -9.1960496e-011            
6.1402689e-006  -2.9267859e-009            
6.1502693e-006  -6.6212141e-009            
6.1602698e-006  -1.0969657e-008            
6.1702702e-006  -1.590557e-008            
6.1802706e-006  -2.1539563e-008            
6.1902711e-006  -2.7555497e-008            
6.2002715e-006  -3.3148074e-008            
6.210272e-006  -3.7654122e-008            
6.2202724e-006  -4.065492e-008            
6.2302728e-006  -4.2273996e-008            
6.2402733e-006  -4.2919087e-008            
6.2502737e-006  -4.3174884e-008            
6.2602742e-006  -4.3416144e-008            
6.2702746e-006  -4.3508059e-008            
6.280275e-006  -4.3459516e-008            
6.2902755e-006  -4.3348775e-008            
6.3002759e-006  -4.3268998e-008            
6.3102763e-006  -4.3179336e-008            
6.3202768e-006  -4.2994287e-008            
6.3302772e-006  -4.2550902e-008            
6.3402777e-006  -4.1917129e-008            
6.3502781e-006  -4.1038115e-008            
6.3602785e-006  -3.9577678e-008            
6.370279e-006  -3.684259e-008            
6.3802794e-006  -3.1696995e-008            
6.3902798e-006  -2.2917125e-008            
6.4002803e-006  -1.3292801e-008            
6.4102807e-006  -6.1908094e-009            
6.4202812e-006  -1.590872e-009            
6.4302816e-006  1.0369819e-009            
6.440282e-006  2.3494188e-009            
6.4502825e-006  2.8435787e-009            
6.4602829e-006  2.8986038e-009            
6.4702833e-006  2.7547754e-009            
6.4802838e-006  2.6580617e-009            
6.4902842e-006  2.5085465e-009            
6.5002847e-006  1.8944076e-009            
6.5102851e-006  4.3111835e-010            
6.5202855e-006  -2.0245486e-009            
6.530286e-006  -5.2708717e-009            
6.5402864e-006  -9.3159298e-009            
6.5502869e-006  -1.4188732e-008            
6.5602873e-006  -1.9842977e-008            
6.5702877e-006  -2.585545e-008            
6.5802882e-006  -3.160552e-008            
6.5902886e-006  -3.6320313e-008            
6.600289e-006  -3.9705702e-008            
6.6102895e-006  -4.176004e-008            
6.6202899e-006  -4.27563e-008            
6.6302904e-006  -4.3148314e-008            
6.6402908e-006  -4.3347454e-008            
6.6502912e-006  -4.3470769e-008            
6.6602917e-006  -4.3512093e-008            
6.6702921e-006  -4.350403e-008            
6.6802925e-006  -4.3576593e-008            
6.690293e-006  -4.3646353e-008            
6.7002934e-006  -4.3525656e-008            
6.7102939e-006  -4.320204e-008            
6.7202943e-006  -4.2553083e-008            
6.7302947e-006  -4.1626453e-008            
6.7402952e-006  -4.0212372e-008            
6.7502956e-006  -3.7508405e-008            
6.760296e-006  -3.2477252e-008            
6.7702965e-006  -2.3761703e-008            
6.7802969e-006  -1.4436517e-008            
6.7902974e-006  -7.1689565e-009            
6.8002978e-006  -2.2331367e-009            
6.8102982e-006  6.4675031e-010            
6.8202987e-006  2.1446144e-009            
6.8302991e-006  2.7091707e-009            
6.8402996e-006  2.748864e-009            
6.8503e-006  2.6481058e-009            
6.8603004e-006  2.6633358e-009            
6.8703009e-006  2.7751838e-009            
6.8803013e-006  2.9325465e-009            
6.8903017e-006  2.913374e-009            
6.9003022e-006  1.9242571e-009            
6.9103026e-006  -2.6863561e-010            
6.9203031e-006  -3.4022047e-009            
6.9303035e-006  -7.2705755e-009            
6.9403039e-006  -1.223842e-008            
6.9503044e-006  -1.7687913e-008            
6.9603048e-006  -2.368845e-008            
6.9703052e-006  -2.9832174e-008            
6.9803057e-006  -3.5408396e-008            
6.9903061e-006  -3.9341326e-008            
7.0003066e-006  -4.1415133e-008            
7.010307e-006  -4.2464226e-008            
7.0203074e-006  -4.2937633e-008            
7.0303079e-006  -4.314142e-008            
7.0403083e-006  -4.3311715e-008            
7.0503087e-006  -4.3390057e-008            
7.0603092e-006  -4.3373194e-008            
7.0703096e-006  -4.328995e-008            
7.0803101e-006  -4.3120511e-008            
7.0903105e-006  -4.2774658e-008            
7.1003109e-006  -4.2299658e-008            
7.1103114e-006  -4.1491682e-008            
7.1203118e-006  -4.012709e-008            
7.1303123e-006  -3.7805526e-008            
7.1403127e-006  -3.2785507e-008            
7.1503131e-006  -2.343516e-008            
7.1603136e-006  -1.3742765e-008            
7.170314e-006  -6.3661914e-009            
7.1803144e-006  -1.5412959e-009            
7.1903149e-006  1.1996061e-009            
7.2003153e-006  2.6778973e-009            
7.2103158e-006  3.1841618e-009            
7.2203162e-006  3.202674e-009            
7.2303166e-006  3.116674e-009            
7.2403171e-006  3.0726942e-009            
7.2503175e-006  3.1098843e-009            
7.2603179e-006  3.1506644e-009            
7.2703184e-006  3.0497952e-009            
7.2803188e-006  2.2208172e-009            
7.2903193e-006  2.6860989e-010            
7.3003197e-006  -2.7021885e-009            
7.3103201e-006  -6.6209829e-009            
7.3203206e-006  -1.1163314e-008            
7.330321e-006  -1.6358483e-008            
7.3403214e-006  -2.2236877e-008            
7.3503219e-006  -2.8359512e-008            
7.3603223e-006  -3.4095005e-008            
7.3703228e-006  -3.8359334e-008            
7.3803232e-006  -4.0970311e-008            
7.3903236e-006  -4.2358875e-008            
7.4003241e-006  -4.2983316e-008            
7.4103245e-006  -4.3131952e-008            
7.420325e-006  -4.3286369e-008            
7.4303254e-006  -4.3441185e-008            
7.4403258e-006  -4.3527159e-008            
7.4503263e-006  -4.3533394e-008            
7.4603267e-006  -4.3437205e-008            
7.4703271e-006  -4.3148213e-008            
7.4803276e-006  -4.27213e-008            
7.490328e-006  -4.1869172e-008            
7.5003285e-006  -4.0412491e-008            
7.5103289e-006  -3.7988382e-008            
7.5203293e-006  -3.300078e-008            
7.5303298e-006  -2.410424e-008            
7.5403302e-006  -1.4211081e-008            
7.5503306e-006  -6.5612495e-009            
7.5603311e-006  -1.7731478e-009            
7.5703315e-006  9.9392983e-010            
7.580332e-006  2.4094354e-009            
7.5903324e-006  2.9671397e-009            
7.6003328e-006  3.0763355e-009            
7.6103333e-006  3.0486777e-009            
7.6203337e-006  2.9491605e-009            
7.6303341e-006  2.8664196e-009            
7.6403346e-006  2.806187e-009            
7.650335e-006  2.6769224e-009            
7.6603355e-006  1.9793609e-009            
7.6703359e-006  4.2800809e-010            
7.6803363e-006  -2.176903e-009            
7.6903368e-006  -5.9264757e-009            
7.7003372e-006  -1.0499407e-008            
7.7103377e-006  -1.5804186e-008            
7.7203381e-006  -2.1579561e-008            
7.7303385e-006  -2.7657872e-008            
7.740339e-006  -3.3262532e-008            
7.7503394e-006  -3.7689714e-008            
7.7603398e-006  -4.0482958e-008            
7.7703403e-006  -4.1934174e-008            
7.7803407e-006  -4.2518488e-008            
7.7903412e-006  -4.2778583e-008            
7.8003416e-006  -4.3024874e-008            
7.810342e-006  -4.3280451e-008            
7.8203425e-006  -4.3425609e-008            
7.8303429e-006  -4.3553689e-008            
7.8403433e-006  -4.3603462e-008            
7.8503438e-006  -4.3405148e-008            
7.8603442e-006  -4.298676e-008            
7.8703447e-006  -4.2540518e-008            
7.8803451e-006  -4.1811651e-008            
7.8903455e-006  -4.0652428e-008            
7.900346e-006  -3.8710352e-008            
7.9103464e-006  -3.5774003e-008            
7.9203468e-006  -3.0603295e-008            
7.9303473e-006  -2.2267692e-008            
7.9403477e-006  -1.3398836e-008            
7.9503482e-006  -6.4932772e-009            
7.9603486e-006  -1.6056112e-009            
7.970349e-006  1.1698079e-009            
7.9803495e-006  2.4823834e-009            
7.9903499e-006  2.8937358e-009            
8.0003504e-006  2.8672755e-009            
8.0103508e-006  2.6920502e-009            
8.0203512e-006  2.5912372e-009            
8.0303517e-006  2.4242106e-009            
8.0403521e-006  1.795995e-009            
8.0503525e-006  2.2870302e-010            
8.060353e-006  -2.4300111e-009            
8.0703534e-006  -5.9505671e-009            
8.0803539e-006  -1.0478618e-008            
8.0903543e-006  -1.572691e-008            
8.1003547e-006  -2.1431153e-008            
8.1103552e-006  -2.7371006e-008            
8.1203556e-006  -3.2751559e-008            
8.130356e-006  -3.7078679e-008            
8.1403565e-006  -4.0043866e-008            
8.1503569e-006  -4.195423e-008            
8.1603574e-006  -4.2982059e-008            
8.1703578e-006  -4.3428994e-008            
8.1803582e-006  -4.368032e-008            
8.1903587e-006  -4.3786736e-008            
8.2003591e-006  -4.3730632e-008            
8.2103595e-006  -4.3601288e-008            
8.22036e-006  -4.3557784e-008            
8.2303604e-006  -4.3433936e-008            
8.2403609e-006  -4.3261624e-008            
8.2503613e-006  -4.2844653e-008            
8.2603617e-006  -4.2222951e-008            
8.2703622e-006  -4.1262199e-008            
8.2803626e-006  -3.9784099e-008            
8.2903631e-006  -3.7229838e-008            
8.3003635e-006  -3.2422481e-008            
8.3103639e-006  -2.4034455e-008            
8.3203644e-006  -1.4795558e-008            
8.3303648e-006  -7.5532169e-009            
8.3403652e-006  -2.6457137e-009            
8.3503657e-006  4.1327109e-010            
8.3603661e-006  2.0830409e-009            
8.3703666e-006  2.7923457e-009            
8.380367e-006  3.0097098e-009            
8.3903674e-006  3.0442165e-009            
8.4003679e-006  2.9310162e-009            
8.4103683e-006  2.8709297e-009            
8.4203687e-006  2.4947283e-009            
8.4303692e-006  1.1826943e-009            
8.4403696e-006  -1.1446182e-009            
8.4503701e-006  -4.2772102e-009            
8.4603705e-006  -8.2088757e-009            
8.4703709e-006  -1.2875281e-008            
8.4803714e-006  -1.8529018e-008            
8.4903718e-006  -2.4605153e-008            
8.5003722e-006  -3.061761e-008            
8.5103727e-006  -3.5680279e-008            
8.5203731e-006  -3.9271097e-008            
8.5303736e-006  -4.1557619e-008            
8.540374e-006  -4.2712419e-008            
8.5503744e-006  -4.3314115e-008            
8.5603749e-006  -4.3621495e-008            
8.5703753e-006  -4.3798015e-008            
8.5803758e-006  -4.3875904e-008            
8.5903762e-006  -4.3819036e-008            
8.6003766e-006  -4.3639683e-008            
8.6103771e-006  -4.3443588e-008            
8.6203775e-006  -4.3251519e-008            
8.6303779e-006  -4.2894934e-008            
8.6403784e-006  -4.2310546e-008            
8.6503788e-006  -4.1440731e-008            
8.6603793e-006  -4.0089533e-008            
8.6703797e-006  -3.7756406e-008            
8.6803801e-006  -3.343611e-008            
8.6903806e-006  -2.5035132e-008            
8.700381e-006  -1.5390249e-008            
8.7103814e-006  -7.7241659e-009            
8.7203819e-006  -2.6011768e-009            
8.7303823e-006  5.2318542e-010            
8.7403828e-006  2.2243409e-009            
8.7503832e-006  2.9224101e-009            
8.7603836e-006  3.0329815e-009            
8.7703841e-006  2.9426425e-009            
8.7803845e-006  2.8376858e-009            
8.7903849e-006  2.7545159e-009            
8.8003854e-006  2.8022376e-009            
8.8103858e-006  2.7451039e-009            
8.8203863e-006  2.2681795e-009            
8.8303867e-006  6.4667307e-010            
8.8403871e-006  -2.2175124e-009            
8.8503876e-006  -6.1432786e-009            
8.860388e-006  -1.0844883e-008            
8.8703885e-006  -1.6224455e-008            
8.8803889e-006  -2.2359731e-008            
8.8903893e-006  -2.8638835e-008            
8.9003898e-006  -3.4498128e-008            
8.9103902e-006  -3.8863936e-008            
8.9203906e-006  -4.1317476e-008            
8.9303911e-006  -4.2548862e-008            
8.9403915e-006  -4.3021692e-008            
8.950392e-006  -4.3255431e-008            
8.9603924e-006  -4.3479198e-008            
8.9703928e-006  -4.3605458e-008            
8.9803933e-006  -4.3667366e-008            
8.9903937e-006  -4.3606313e-008            
9.0003941e-006  -4.3443707e-008            
9.0103946e-006  -4.3192524e-008            
9.020395e-006  -4.2769677e-008            
9.0303955e-006  -4.1952271e-008            
9.0403959e-006  -4.0720661e-008            
9.0503963e-006  -3.860175e-008            
9.0603968e-006  -3.4010818e-008            
9.0703972e-006  -2.5427627e-008            
9.0803976e-006  -1.5531134e-008            
9.0903981e-006  -7.7197459e-009            
9.1003985e-006  -2.6125352e-009            
9.110399e-006  5.2771061e-010            
9.1203994e-006  2.2203691e-009            
9.1303998e-006  2.8973641e-009            
9.1404003e-006  2.9922929e-009            
9.1504007e-006  2.8960642e-009            
9.1604012e-006  2.88593e-009            
9.1704016e-006  2.8900909e-009            
9.180402e-006  2.8954665e-009            
9.1904025e-006  2.8173619e-009            
9.2004029e-006  2.2703529e-009            
9.2104033e-006  6.2277124e-010            
9.2204038e-006  -2.1419839e-009            
9.2304042e-006  -5.8620288e-009            
9.2404047e-006  -1.0339237e-008            
9.2504051e-006  -1.5643925e-008            
9.2604055e-006  -2.1452375e-008            
9.270406e-006  -2.7738915e-008            
9.2804064e-006  -3.3570535e-008            
9.2904068e-006  -3.7992955e-008            
9.3004073e-006  -4.0865721e-008            
9.3104077e-006  -4.2458951e-008            
9.3204082e-006  -4.3213031e-008            
9.3304086e-006  -4.3486565e-008            
9.340409e-006  -4.3674983e-008            
9.3504095e-006  -4.3798524e-008            
9.3604099e-006  -4.38205e-008            
9.3704104e-006  -4.37099e-008            
9.3804108e-006  -4.3569086e-008            
9.3904112e-006  -4.3330929e-008            
9.4004117e-006  -4.2921663e-008            
9.4104121e-006  -4.2335757e-008            
9.4204125e-006  -4.1318078e-008            
9.430413e-006  -3.9298884e-008            
9.4404134e-006  -3.4985783e-008            
9.4504139e-006  -2.653995e-008            
9.4604143e-006  -1.6417439e-008            
9.4704147e-006  -8.2854182e-009            
9.4804152e-006  -2.8294349e-009            
9.4904156e-006  3.3058905e-010            
9.500416e-006  1.9189622e-009            
9.5104165e-006  2.6551432e-009            
9.5204169e-006  2.7568349e-009            
9.5304174e-006  2.7012798e-009            
9.5404178e-006  2.5967099e-009            
9.5504182e-006  2.5667222e-009            
9.5604187e-006  2.5736856e-009            
9.5704191e-006  2.5149776e-009            
9.5804195e-006  2.0340161e-009            
9.59042e-006  5.9362645e-010            
9.6004204e-006  -2.0991484e-009            
9.6104209e-006  -5.6559637e-009            
9.6204213e-006  -1.0009004e-008            
9.6304217e-006  -1.5196363e-008            
9.6404222e-006  -2.0872437e-008            
9.6504226e-006  -2.7056169e-008            
9.6604231e-006  -3.2862936e-008            
9.6704235e-006  -3.752408e-008            
9.6804239e-006  -4.0544473e-008            
9.6904244e-006  -4.2142118e-008            
9.7004248e-006  -4.2852842e-008            
9.7104252e-006  -4.3190669e-008            
9.7204257e-006  -4.3407265e-008            
9.7304261e-006  -4.3493271e-008            
9.7404266e-006  -4.3512266e-008            
9.750427e-006  -4.3428681e-008            
9.7604274e-006  -4.3366436e-008            
9.7704279e-006  -4.3316059e-008            
9.7804283e-006  -4.3155441e-008            
9.7904287e-006  -4.2678282e-008            
9.8004292e-006  -4.2040932e-008            
9.8104296e-006  -4.1041332e-008            
9.8204301e-006  -3.9487457e-008            
9.8304305e-006  -3.6946742e-008            
9.8404309e-006  -3.2104107e-008            
9.8504314e-006  -2.4017615e-008            
9.8604318e-006  -1.5065629e-008            
9.8704322e-006  -7.7426654e-009            
9.8804327e-006  -2.4806821e-009            
9.8904331e-006  6.1351018e-010            
9.9004336e-006  2.2349255e-009            
9.910434e-006  2.9598831e-009            
9.9204344e-006  3.1077647e-009            
9.9304349e-006  3.0578473e-009            
9.9404353e-006  2.9080585e-009            
9.9504358e-006  2.7460651e-009            
9.9604362e-006  2.293787e-009            
9.9704366e-006  9.0037735e-010            
9.9804371e-006  -1.6920278e-009            
9.9904375e-006  -5.0716232e-009            
1.0000438e-005  -9.3351202e-009            
1.0010438e-005  -1.4353833e-008            
1.0020439e-005  -2.0130803e-008            
1.0030439e-005  -2.6190225e-008            
1.004044e-005  -3.2028442e-008            
1.005044e-005  -3.6799507e-008            
1.0060441e-005  -4.0013554e-008            
1.0070441e-005  -4.1863468e-008            
1.0080441e-005  -4.2775441e-008            
1.0090442e-005  -4.3214736e-008            
1.0100442e-005  -4.3413062e-008            
1.0110443e-005  -4.3499304e-008            
1.0120443e-005  -4.3640599e-008            
1.0130444e-005  -4.362152e-008            
1.0140444e-005  -4.3597068e-008            
1.0150445e-005  -4.3488349e-008            
1.0160445e-005  -4.3282933e-008            
1.0170445e-005  -4.2859865e-008            
1.0180446e-005  -4.218603e-008            
1.0190446e-005  -4.1198998e-008            
1.0200447e-005  -3.9785226e-008            
1.0210447e-005  -3.7407424e-008            
1.0220448e-005  -3.3014517e-008            
1.0230448e-005  -2.4687384e-008            
1.0240448e-005  -1.4947315e-008            
1.0250449e-005  -7.4119802e-009            
1.0260449e-005  -2.1969391e-009            
1.027045e-005  7.7485965e-010            
1.028045e-005  2.3680166e-009            
1.0290451e-005  3.0107754e-009            
1.0300451e-005  3.0778555e-009            
1.0310452e-005  2.9745267e-009            
1.0320452e-005  2.9161057e-009            
1.0330452e-005  2.8431229e-009            
1.0340453e-005  2.5507068e-009            
1.0350453e-005  1.4622287e-009            
1.0360454e-005  -8.4850395e-010            
1.0370454e-005  -4.2145468e-009            
1.0380455e-005  -8.2318735e-009            
1.0390455e-005  -1.3128014e-008            
1.0400455e-005  -1.8906261e-008            
1.0410456e-005  -2.492869e-008            
1.0420456e-005  -3.0725992e-008            
1.0430457e-005  -3.5526824e-008            
1.0440457e-005  -3.9162253e-008            
1.0450458e-005  -4.1410691e-008            
1.0460458e-005  -4.2521106e-008            
1.0470459e-005  -4.3103419e-008            
1.0480459e-005  -4.3462159e-008            
1.0490459e-005  -4.3655253e-008            
1.050046e-005  -4.3794224e-008            
1.051046e-005  -4.3857629e-008            
1.0520461e-005  -4.3716195e-008            
1.0530461e-005  -4.3554235e-008            
1.0540462e-005  -4.3455294e-008            
1.0550462e-005  -4.3195938e-008            
1.0560462e-005  -4.2679554e-008            
1.0570463e-005  -4.172125e-008            
1.0580463e-005  -4.0165808e-008            
1.0590464e-005  -3.7595011e-008            
1.0600464e-005  -3.3090027e-008            
1.0610465e-005  -2.5181625e-008            
1.0620465e-005  -1.5749532e-008            
1.0630466e-005  -8.0000818e-009            
1.0640466e-005  -2.7908001e-009            
1.0650466e-005  4.0779705e-010            
1.0660467e-005  2.1317949e-009            
1.0670467e-005  2.837909e-009            
1.0680468e-005  3.0759187e-009            
1.0690468e-005  2.9982367e-009            
1.0700469e-005  2.9056879e-009            
1.0710469e-005  2.8760605e-009            
1.0720469e-005  2.8572184e-009            
1.073047e-005  2.7755505e-009            
1.074047e-005  2.2145277e-009            
1.0750471e-005  7.3272186e-010            
1.0760471e-005  -1.8788842e-009            
1.0770472e-005  -5.7015988e-009            
1.0780472e-005  -1.0392923e-008            
1.0790473e-005  -1.5915992e-008            
1.0800473e-005  -2.1811064e-008            
1.0810473e-005  -2.7818883e-008            
1.0820474e-005  -3.3634631e-008            
1.0830474e-005  -3.8162847e-008            
1.0840475e-005  -4.088653e-008            
1.0850475e-005  -4.2141947e-008            
1.0860476e-005  -4.2810534e-008            
1.0870476e-005  -4.3175272e-008            
1.0880476e-005  -4.3456671e-008            
1.0890477e-005  -4.3586928e-008            
1.0900477e-005  -4.3539263e-008            
1.0910478e-005  -4.339643e-008            
1.0920478e-005  -4.3373663e-008            
1.0930479e-005  -4.3095538e-008            
1.0940479e-005  -4.2710268e-008            
1.095048e-005  -4.1940387e-008            
1.096048e-005  -4.0676896e-008            
1.097048e-005  -3.8442805e-008            
1.0980481e-005  -3.4459898e-008            
1.0990481e-005  -2.6887074e-008            
1.1000482e-005  -1.7036353e-008            
1.1010482e-005  -8.8732943e-009            
1.1020483e-005  -3.2391593e-009            
1.1030483e-005  2.1564783e-010            
1.1040483e-005  2.0593768e-009            
1.1050484e-005  2.9024666e-009            
1.1060484e-005  3.1589571e-009            
1.1070485e-005  3.0960821e-009            
1.1080485e-005  3.0234816e-009            
1.1090486e-005  2.9716114e-009            
1.1100486e-005  3.0370196e-009            
1.1110487e-005  3.088546e-009            
1.1120487e-005  2.6251866e-009            
1.1130487e-005  1.0471976e-009            
1.1140488e-005  -1.6321673e-009            
1.1150488e-005  -5.3068127e-009            
1.1160489e-005  -9.6991311e-009            
1.1170489e-005  -1.4787325e-008            
1.118049e-005  -2.0414805e-008            
1.119049e-005  -2.6534933e-008            
1.120049e-005  -3.229124e-008            
1.1210491e-005  -3.7039349e-008            
1.1220491e-005  -4.0121183e-008            
1.1230492e-005  -4.1797438e-008            
1.1240492e-005  -4.2728296e-008            
1.1250493e-005  -4.3169204e-008            
1.1260493e-005  -4.3503469e-008            
1.1270494e-005  -4.3649009e-008            
1.1280494e-005  -4.3770348e-008            
1.1290494e-005  -4.3812045e-008            
1.1300495e-005  -4.369556e-008            
1.1310495e-005  -4.3269668e-008            
1.1320496e-005  -4.2748068e-008            
1.1330496e-005  -4.2074007e-008            
1.1340497e-005  -4.111261e-008            
1.1350497e-005  -3.9299715e-008            
1.1360498e-005  -3.5691131e-008            
1.1370498e-005  -2.8403775e-008            
1.1380498e-005  -1.8566912e-008            
1.1390499e-005  -1.0072264e-008            
1.1400499e-005  -4.0069798e-009            
1.14105e-005  -1.8282703e-010            
1.14205e-005  1.9589112e-009            
1.1430501e-005  2.9315972e-009            
1.1440501e-005  3.204287e-009            
1.1450501e-005  3.1953434e-009            
1.1460502e-005  3.0690229e-009            
1.1470502e-005  2.9145622e-009            
1.1480503e-005  2.8324645e-009            
1.1490503e-005  2.7400795e-009            
1.1500504e-005  2.4111e-009            
1.1510504e-005  1.0960078e-009            
1.1520505e-005  -1.3875766e-009            
1.1530505e-005  -4.7664608e-009            
1.1540505e-005  -9.0499538e-009            
1.1550506e-005  -1.4138249e-008            
1.1560506e-005  -1.984099e-008            
1.1570507e-005  -2.6003595e-008            
1.1580507e-005  -3.1799396e-008            
1.1590508e-005  -3.6578216e-008            
1.1600508e-005  -3.9810916e-008            
1.1610508e-005  -4.1769996e-008            
1.1620509e-005  -4.2746586e-008            
1.1630509e-005  -4.315252e-008            
1.164051e-005  -4.3297149e-008            
1.165051e-005  -4.3249738e-008            
1.1660511e-005  -4.3308898e-008            
1.1670511e-005  -4.3308367e-008            
1.1680512e-005  -4.3244058e-008            
1.1690512e-005  -4.3077425e-008            
1.1700512e-005  -4.2794901e-008            
1.1710513e-005  -4.2397363e-008            
1.1720513e-005  -4.1835314e-008            
1.1730514e-005  -4.0865906e-008            
1.1740514e-005  -3.9455071e-008            
1.1750515e-005  -3.6881626e-008            
1.1760515e-005  -3.2505625e-008            
1.1770515e-005  -2.5126993e-008            
1.1780516e-005  -1.5825176e-008            
1.1790516e-005  -8.2338731e-009            
1.1800517e-005  -2.8928791e-009            
1.1810517e-005  4.5428768e-010            
1.1820518e-005  2.2636905e-009            
1.1830518e-005  3.0240516e-009            
1.1840519e-005  3.2348992e-009            
1.1850519e-005  3.1796235e-009            
1.1860519e-005  3.084438e-009            
1.187052e-005  2.9036262e-009            
1.188052e-005  2.590458e-009            
1.1890521e-005  1.4236613e-009            
1.1900521e-005  -7.4213339e-010            
1.1910522e-005  -3.9953135e-009            
1.1920522e-005  -8.2007298e-009            
1.1930522e-005  -1.3257318e-008            
1.1940523e-005  -1.9143438e-008            
1.1950523e-005  -2.5185955e-008            
1.1960524e-005  -3.1206326e-008            
1.1970524e-005  -3.6225416e-008            
1.1980525e-005  -3.9523539e-008            
1.1990525e-005  -4.1465014e-008            
1.2000526e-005  -4.2533106e-008            
1.2010526e-005  -4.2972074e-008            
1.2020526e-005  -4.3220168e-008            
1.2030527e-005  -4.347949e-008            
1.2040527e-005  -4.3706732e-008            
1.2050528e-005  -4.3641542e-008            
1.2060528e-005  -4.3472415e-008            
1.2070529e-005  -4.3307771e-008            
1.2080529e-005  -4.316581e-008            
1.2090529e-005  -4.2839355e-008            
1.210053e-005  -4.2357427e-008            
1.211053e-005  -4.1639634e-008            
1.2120531e-005  -4.0371887e-008            
1.2130531e-005  -3.817044e-008            
1.2140532e-005  -3.4275929e-008            
1.2150532e-005  -2.6704852e-008            
1.2160533e-005  -1.704097e-008            
1.2170533e-005  -8.7676198e-009            
1.2180533e-005  -3.1511872e-009            
1.2190534e-005  2.1002385e-010            
1.2200534e-005  2.0380145e-009            
1.2210535e-005  2.9051517e-009            
1.2220535e-005  3.0427313e-009            
1.2230536e-005  2.9388293e-009            
1.2240536e-005  2.831384e-009            
1.2250536e-005  2.7707719e-009            
1.2260537e-005  2.5939647e-009            
1.2270537e-005  1.530287e-009            
1.2280538e-005  -4.8666841e-010            
1.2290538e-005  -3.5267574e-009            
1.2300539e-005  -7.524671e-009            
1.2310539e-005  -1.2519118e-008            
1.232054e-005  -1.8143868e-008            
1.233054e-005  -2.4277129e-008            
1.234054e-005  -3.0265332e-008            
1.2350541e-005  -3.5372647e-008            
1.2360541e-005  -3.9027785e-008            
1.2370542e-005  -4.1057718e-008            
1.2380542e-005  -4.2166341e-008            
1.2390543e-005  -4.263388e-008            
1.2400543e-005  -4.297464e-008            
1.2410543e-005  -4.3254995e-008            
1.2420544e-005  -4.3506236e-008            
1.2430544e-005  -4.3620914e-008            
1.2440545e-005  -4.3607573e-008            
1.2450545e-005  -4.349048e-008            
1.2460546e-005  -4.3364564e-008            
1.2470546e-005  -4.3080643e-008            
1.2480547e-005  -4.2705077e-008            
1.2490547e-005  -4.208123e-008            
1.2500547e-005  -4.0961594e-008            
1.2510548e-005  -3.8738791e-008            
1.2520548e-005  -3.4485453e-008            
1.2530549e-005  -2.6776161e-008            
1.2540549e-005  -1.6898863e-008            
1.255055e-005  -8.7480131e-009            
1.256055e-005  -3.3020787e-009            
1.257055e-005  2.2575155e-010            
1.2580551e-005  2.166198e-009            
1.2590551e-005  3.112519e-009            
1.2600552e-005  3.3928066e-009            
1.2610552e-005  3.4072609e-009            
1.2620553e-005  3.2487041e-009            
1.2630553e-005  3.0241688e-009            
1.2640554e-005  2.8456071e-009            
1.2650554e-005  2.5434161e-009            
1.2660554e-005  1.6988568e-009            
1.2670555e-005  -1.4432306e-010            
1.2680555e-005  -3.0827009e-009            
1.2690556e-005  -7.026513e-009            
1.2700556e-005  -1.1590535e-008            
1.2710557e-005  -1.7030241e-008            
1.2720557e-005  -2.2978812e-008            
1.2730557e-005  -2.9192644e-008            
1.2740558e-005  -3.5017131e-008            
1.2750558e-005  -3.9239291e-008            
1.2760559e-005  -4.1452628e-008            
1.2770559e-005  -4.250649e-008            
1.278056e-005  -4.3325186e-008            
1.279056e-005  -4.3854759e-008            
1.2800561e-005  -4.409726e-008            
1.2810561e-005  -4.4172278e-008            
1.2820561e-005  -4.4138073e-008            
1.2830562e-005  -4.4032145e-008            
1.2840562e-005  -4.3921951e-008            
1.2850563e-005  -4.3607447e-008            
1.2860563e-005  -4.3218059e-008            
1.2870564e-005  -4.2591727e-008            
1.2880564e-005  -4.1364295e-008            
1.2890565e-005  -3.9406264e-008            
1.2900565e-005  -3.5727131e-008            
1.2910565e-005  -2.8456531e-008            
1.2920566e-005  -1.8370807e-008            
1.2930566e-005  -9.7988982e-009            
1.2940567e-005  -3.863927e-009            
1.2950567e-005  -1.5245382e-010            
1.2960568e-005  1.8860117e-009            
1.2970568e-005  2.8281839e-009            
1.2980568e-005  3.0704378e-009            
1.2990569e-005  3.0607479e-009            
1.3000569e-005  3.0952349e-009            
1.301057e-005  3.0224607e-009            
1.302057e-005  2.8187234e-009            
1.3030571e-005  2.6577336e-009            
1.3040571e-005  2.3545219e-009            
1.3050572e-005  1.2625468e-009            
1.3060572e-005  -1.0840902e-009            
1.3070572e-005  -4.6499408e-009            
1.3080573e-005  -9.0726419e-009            
1.3090573e-005  -1.4329558e-008            
1.3100574e-005  -2.0060482e-008            
1.3110574e-005  -2.6322736e-008            
1.3120575e-005  -3.2245224e-008            
1.3130575e-005  -3.7203652e-008            
1.3140575e-005  -4.0437262e-008            
1.3150576e-005  -4.2164529e-008            
1.3160576e-005  -4.3071782e-008            
1.3170577e-005  -4.3595844e-008            
1.3180577e-005  -4.3862965e-008            
1.3190578e-005  -4.3965024e-008            
1.3200578e-005  -4.4112266e-008            
1.3210579e-005  -4.4193391e-008            
1.3220579e-005  -4.4128985e-008            
1.3230579e-005  -4.392599e-008            
1.324058e-005  -4.3766847e-008            
1.325058e-005  -4.348706e-008            
1.3260581e-005  -4.2684317e-008            
1.3270581e-005  -4.1117478e-008            
1.3280582e-005  -3.8553562e-008            
1.3290582e-005  -3.4036553e-008            
1.3300582e-005  -2.8041697e-008            
1.3310583e-005  -2.0967377e-008            
1.3320583e-005  -1.2710558e-008            
1.3330584e-005  -5.8187445e-009            
1.3340584e-005  -1.1462533e-009            
1.3350585e-005  1.4020857e-009            
1.3360585e-005  2.5157921e-009            
1.3370586e-005  2.8180968e-009            
1.3380586e-005  2.7562535e-009            
1.3390586e-005  2.5734097e-009            
1.3400587e-005  2.4316306e-009            
1.3410587e-005  2.2811963e-009            
1.3420588e-005  1.9503082e-009            
1.3430588e-005  8.9445964e-010            
1.3440589e-005  -1.5178203e-009            
1.3450589e-005  -4.9482817e-009            
1.3460589e-005  -9.4134413e-009            
1.347059e-005  -1.4490799e-008            
1.348059e-005  -2.0271066e-008            
1.3490591e-005  -2.6540257e-008            
1.3500591e-005  -3.2461951e-008            
1.3510592e-005  -3.7429944e-008            
1.3520592e-005  -4.0702135e-008            
1.3530593e-005  -4.2663873e-008            
1.3540593e-005  -4.3722291e-008            
1.3550593e-005  -4.42267e-008            
1.3560594e-005  -4.4497073e-008            
1.3570594e-005  -4.4575875e-008            
1.3580595e-005  -4.4586778e-008            
1.3590595e-005  -4.4643914e-008            
1.3600596e-005  -4.4617208e-008            
1.3610596e-005  -4.4376012e-008            
1.3620596e-005  -4.4264278e-008            
1.3630597e-005  -4.4017633e-008            
1.3640597e-005  -4.3538233e-008            
1.3650598e-005  -4.2565454e-008            
1.3660598e-005  -4.1165047e-008            
1.3670599e-005  -3.8827172e-008            
1.3680599e-005  -3.5006275e-008            
1.36906e-005  -2.7957293e-008            
1.37006e-005  -1.8530038e-008            
1.37106e-005  -1.035622e-008            
1.3720601e-005  -4.5513864e-009            
1.3730601e-005  -7.8339843e-010            
1.3740602e-005  1.298486e-009            
1.3750602e-005  2.2745877e-009            
1.3760603e-005  2.5862776e-009            
1.3770603e-005  2.5094398e-009            
1.3780603e-005  2.3938161e-009            
1.3790604e-005  2.3476398e-009            
1.3800604e-005  2.1763003e-009            
1.3810605e-005  1.0854e-009            
1.3820605e-005  -1.118235e-009            
1.3830606e-005  -4.225784e-009            
1.3840606e-005  -8.3499136e-009            
1.3850607e-005  -1.3359766e-008            
1.3860607e-005  -1.8857124e-008            
1.3870607e-005  -2.4703755e-008            
1.3880608e-005  -3.0743275e-008            
1.3890608e-005  -3.5973332e-008            
1.3900609e-005  -3.9717454e-008            
1.3910609e-005  -4.1911142e-008            
1.392061e-005  -4.3150939e-008            
1.393061e-005  -4.374612e-008            
1.394061e-005  -4.414684e-008            
1.3950611e-005  -4.4483208e-008            
1.3960611e-005  -4.4700498e-008            
1.3970612e-005  -4.4671435e-008            
1.3980612e-005  -4.4671849e-008            
1.3990613e-005  -4.4498669e-008            
1.4000613e-005  -4.4334218e-008            
1.4010614e-005  -4.4142376e-008            
1.4020614e-005  -4.3909714e-008            
1.4030614e-005  -4.3258953e-008            
1.4040615e-005  -4.2152238e-008            
1.4050615e-005  -4.0216545e-008            
1.4060616e-005  -3.6838616e-008            
1.4070616e-005  -3.0120337e-008            
1.4080617e-005  -2.0516228e-008            
1.4090617e-005  -1.1552126e-008            
1.4100617e-005  -5.3942609e-009            
1.4110618e-005  -1.3395459e-009            
1.4120618e-005  9.5919674e-010            
1.4130619e-005  2.0359071e-009            
1.4140619e-005  2.4594927e-009            
1.415062e-005  2.5024838e-009            
1.416062e-005  2.4595195e-009            
1.4170621e-005  2.4306589e-009            
1.4180621e-005  2.2773615e-009            
1.4190621e-005  1.5574503e-009            
1.4200622e-005  -2.7089749e-010            
1.4210622e-005  -3.4011234e-009            
1.4220623e-005  -7.3830301e-009            
1.4230623e-005  -1.2388849e-008            
1.4240624e-005  -1.7998417e-008            
1.4250624e-005  -2.4003509e-008            
1.4260625e-005  -2.9899844e-008            
1.4270625e-005  -3.5269624e-008            
1.4280625e-005  -3.9379252e-008            
1.4290626e-005  -4.1950016e-008            
1.4300626e-005  -4.3349958e-008            
1.4310627e-005  -4.4074481e-008            
1.4320627e-005  -4.4593938e-008            
1.4330628e-005  -4.4958378e-008            
1.4340628e-005  -4.51608e-008            
1.4350628e-005  -4.5147619e-008            
1.4360629e-005  -4.503194e-008            
1.4370629e-005  -4.4869394e-008            
1.438063e-005  -4.4761602e-008            
1.439063e-005  -4.4558267e-008            
1.4400631e-005  -4.4156395e-008            
1.4410631e-005  -4.3578308e-008            
1.4420632e-005  -4.2540435e-008            
1.4430632e-005  -4.0776727e-008            
1.4440632e-005  -3.7458993e-008            
1.4450633e-005  -3.1282097e-008            
1.4460633e-005  -2.1963216e-008            
1.4470634e-005  -1.2707632e-008            
1.4480634e-005  -5.8296969e-009            
1.4490635e-005  -1.437623e-009            
1.4500635e-005  9.9296255e-010            
1.4510635e-005  2.118635e-009            
1.4520636e-005  2.4326164e-009            
1.4530636e-005  2.3049657e-009            
1.4540637e-005  2.0569937e-009            
1.4550637e-005  1.8869959e-009            
1.4560638e-005  1.8866368e-009            
1.4570638e-005  1.5966196e-009            
1.4580639e-005  3.746053e-010            
1.4590639e-005  -2.1818742e-009            
1.4600639e-005  -5.5504381e-009            
1.461064e-005  -9.6989581e-009            
1.462064e-005  -1.4569192e-008            
1.4630641e-005  -2.0201445e-008            
1.4640641e-005  -2.6119913e-008            
1.4650642e-005  -3.2138665e-008            
1.4660642e-005  -3.7450552e-008            
1.4670642e-005  -4.1313648e-008            
1.4680643e-005  -4.3413244e-008            
1.4690643e-005  -4.4490222e-008            
1.4700644e-005  -4.5038063e-008            
1.4710644e-005  -4.5288015e-008            
1.4720645e-005  -4.5371542e-008            
1.4730645e-005  -4.5378029e-008            
1.4740646e-005  -4.5429856e-008            
1.4750646e-005  -4.5229993e-008            
1.4760646e-005  -4.4978684e-008            
1.4770647e-005  -4.47437e-008            
1.4780647e-005  -4.4470355e-008            
1.4790648e-005  -4.3951469e-008            
1.4800648e-005  -4.3034415e-008            
1.4810649e-005  -4.1433525e-008            
1.4820649e-005  -3.8011123e-008            
1.4830649e-005  -3.1311533e-008            
1.484065e-005  -2.1256888e-008            
1.485065e-005  -1.221736e-008            
1.4860651e-005  -5.6513693e-009            
1.4870651e-005  -1.4490675e-009            
1.4880652e-005  8.8887405e-010            
1.4890652e-005  1.9542805e-009            
1.4900653e-005  2.3134263e-009            
1.4910653e-005  2.3509237e-009            
1.4920653e-005  2.2134141e-009            
1.4930654e-005  2.0193072e-009            
1.4940654e-005  1.991229e-009            
1.4950655e-005  2.0553235e-009            
1.4960655e-005  1.959206e-009            
1.4970656e-005  1.0012676e-009            
1.4980656e-005  -1.35955e-009            
1.4990656e-005  -4.6774638e-009            
1.5000657e-005  -8.9568344e-009            
1.5010657e-005  -1.4149344e-008            
1.5020658e-005  -2.010908e-008            
1.5030658e-005  -2.6522207e-008            
1.5040659e-005  -3.26072e-008            
1.5050659e-005  -3.7832009e-008            
1.506066e-005  -4.1369066e-008            
1.507066e-005  -4.3371365e-008            
1.508066e-005  -4.4476712e-008            
1.5090661e-005  -4.5043533e-008            
1.5100661e-005  -4.5416798e-008            
1.5110662e-005  -4.561575e-008            
1.5120662e-005  -4.5653059e-008            
1.5130663e-005  -4.5591756e-008            
1.5140663e-005  -4.5424737e-008            
1.5150663e-005  -4.5200425e-008            
1.5160664e-005  -4.5021675e-008            
1.5170664e-005  -4.4719388e-008            
1.5180665e-005  -4.4119879e-008            
1.5190665e-005  -4.3173683e-008            
1.5200666e-005  -4.1793988e-008            
1.5210666e-005  -3.9194274e-008            
1.5220667e-005  -3.4991942e-008            
1.5230667e-005  -2.8808167e-008            
1.5240667e-005  -2.0121958e-008            
1.5250668e-005  -1.1822237e-008            
1.5260668e-005  -5.432983e-009            
1.5270669e-005  -1.3180969e-009            
1.5280669e-005  7.7593134e-010            
1.529067e-005  1.6098018e-009            
1.530067e-005  1.8179192e-009            
1.531067e-005  1.8053369e-009            
1.5320671e-005  1.7460751e-009            
1.5330671e-005  1.8074821e-009            
1.5340672e-005  1.8067731e-009            
1.5350672e-005  1.2519942e-009            
1.5360673e-005  -5.6526756e-010            
1.5370673e-005  -3.7374386e-009            
1.5380674e-005  -7.8827335e-009            
1.5390674e-005  -1.2766244e-008            
1.5400674e-005  -1.8597015e-008            
1.5410675e-005  -2.4921442e-008            
1.5420675e-005  -3.1334043e-008            
1.5430676e-005  -3.6893269e-008            
1.5440676e-005  -4.0788144e-008            
1.5450677e-005  -4.3279646e-008            
1.5460677e-005  -4.4720962e-008            
1.5470677e-005  -4.5414768e-008            
1.5480678e-005  -4.5703353e-008            
1.5490678e-005  -4.590678e-008            
1.5500679e-005  -4.5902592e-008            
1.5510679e-005  -4.5957966e-008            
1.552068e-005  -4.5851965e-008            
1.553068e-005  -4.5747521e-008            
1.5540681e-005  -4.5623122e-008            
1.5550681e-005  -4.554588e-008            
1.5560681e-005  -4.512021e-008            
1.5570682e-005  -4.4413801e-008            
1.5580682e-005  -4.3425086e-008            
1.5590683e-005  -4.165729e-008            
1.5600683e-005  -3.8602435e-008            
1.5610684e-005  -3.2836466e-008            
1.5620684e-005  -2.370174e-008            
1.5630685e-005  -1.4226619e-008            
1.5640685e-005  -7.0383881e-009            
1.5650685e-005  -2.4956502e-009            
1.5660686e-005  1.7039435e-010            
1.5670686e-005  1.3482089e-009            
1.5680687e-005  1.6339815e-009            
1.5690687e-005  1.6181798e-009            
1.5700688e-005  1.6353262e-009            
1.5710688e-005  1.7245873e-009            
1.5720688e-005  1.6037961e-009            
1.5730689e-005  5.097529e-010            
1.5740689e-005  -2.0735789e-009            
1.575069e-005  -5.8347605e-009            
1.576069e-005  -1.0435181e-008            
1.5770691e-005  -1.5834171e-008            
1.5780691e-005  -2.1616335e-008            
1.5790692e-005  -2.7508734e-008            
1.5800692e-005  -3.3092662e-008            
1.5810692e-005  -3.7754801e-008            
1.5820693e-005  -4.1232808e-008            
1.5830693e-005  -4.3438911e-008            
1.5840694e-005  -4.4708331e-008            
1.5850694e-005  -4.5460323e-008            
1.5860695e-005  -4.5883742e-008            
1.5870695e-005  -4.6135586e-008            
1.5880695e-005  -4.6220986e-008            
1.5890696e-005  -4.6317797e-008            
1.5900696e-005  -4.633848e-008            
1.5910697e-005  -4.6311149e-008            
1.5920697e-005  -4.6274056e-008            
1.5930698e-005  -4.6200647e-008            
1.5940698e-005  -4.5892869e-008            
1.5950699e-005  -4.5089383e-008            
1.5960699e-005  -4.3207615e-008            
1.5970699e-005  -3.8979467e-008            
1.59807e-005  -3.0180745e-008            
1.59907e-005  -1.9159104e-008            
1.6000701e-005  -1.0522989e-008            
1.6010701e-005  -5.0756488e-009            
1.6020702e-005  -2.0368752e-009            
1.6030702e-005  -3.6637789e-010            
1.6040702e-005  2.4320925e-010            
1.6050703e-005  3.8325661e-010            
1.6060703e-005  4.0411829e-010            
1.6070704e-005  3.1985765e-010            
1.6080704e-005  2.3728665e-010            
1.6090705e-005  2.9205598e-010            
1.6100705e-005  3.4843062e-010            
1.6110706e-005  4.0221741e-010            
1.6120706e-005  3.8772892e-010            
1.6130706e-005  3.4512081e-010            
1.6140707e-005  2.5487031e-010            
1.6150707e-005  1.4235477e-010            
1.6160708e-005  5.6586301e-012            
1.6170708e-005  -3.8436719e-011            
1.6180709e-005  -9.4067746e-011            
1.6190709e-005  -1.2307399e-010            
1.6200709e-005  -1.4085751e-010            
1.621071e-005  -1.9021477e-011            
1.622071e-005  2.9120296e-010            
1.6230711e-005  3.2189493e-010            
1.6240711e-005  2.0085645e-010            
1.6250712e-005  1.5115492e-010            
1.6260712e-005  2.3448365e-010            
1.6270713e-005  3.2982135e-010            
1.6280713e-005  2.8046208e-010            
1.6290713e-005  1.3598908e-010            
1.6300714e-005  9.9091074e-011            
1.6310714e-005  1.9460533e-010            
1.6320715e-005  2.793104e-010            
1.6330715e-005  3.5719402e-010            
1.6340716e-005  5.3092989e-010            
1.6350716e-005  7.2027995e-010            
1.6360716e-005  7.1637566e-010            
1.6370717e-005  5.2190747e-010            
1.6380717e-005  3.7895446e-010            
1.6390718e-005  3.6468021e-010            
1.6400718e-005  4.662372e-010            
1.6410719e-005  5.3756893e-010            
1.6420719e-005  6.0000701e-010            
1.643072e-005  5.4669898e-010            
1.644072e-005  3.5555074e-010            
1.645072e-005  1.0088248e-010            
1.6460721e-005  4.826532e-011            
1.6470721e-005  1.5037214e-010            
1.6480722e-005  2.5077053e-010            
1.6490722e-005  2.6667282e-010            
1.6500723e-005  2.1797986e-010            
1.6510723e-005  1.3531706e-010            
1.6520723e-005  -1.5402149e-011            
1.6530724e-005  -1.6593337e-010            
1.6540724e-005  -4.0442141e-010            
1.6550725e-005  -4.8364997e-010            
